Case #1:
472826.354495230
11059.940596638
7811.695956256
18313.067123108
229899229.202802360
864170501.000000000
472826.354495230
472826.354495230
88.283633865
Case #2:
239.645571652
10.000000056
1520.545724881
59926.562098003
1622.536719781
740.958664387
44.777435214
1847.500792806
6582.629040089
Case #3:
6187166.091208526
12606.688034029
90387.215108122
632627725.315747100
928486.255859878
78429.998212865
69505.410252595
53190.198312438
46813.317817173
3.464101642
Case #4:
156911.504075221
153.889570826
153.889570826
221925805.161631900
15895902.244998973
1278292.350782168
10526354.578447783
15895902.244998973
Case #5:
6849608.178930213
44885.513329256
975650705.000000000
Case #6:
48799.390365069
4723388.653083778
1382874.344414257
44570.188242839
1201012.134874528
12853703.217787383
238138050.000000000
416218225.405346800
258160.277404902
3002833.137731137
Case #7:
298201.462461213
80012.480474858
4876.329407629
1563361.681249705
79163.664455433
70600.223461223
132072.434151536
174601.215084000
Case #8:
612.592850127
1931.140257987
Case #9:
1000000000.000000000
Case #10:
70847.111625244
494573.590387407
67603.167698974
291984473.104244600
654.037810178
667332.166506599
73057150.533999170
15690404.437617615
11590585.967267957
645917092.725840700
Case #11:
5724246.675327686
181.016573828
1.000000000
Case #12:
5358536.312594570
3592595.357020086
1434.601648404
4652.277292489
7553.107390134
25367.392435988
3560453.074928459
9511.708651397
33628.740024175
8467.134930049
Case #13:
9.000000000
637622.238279646
637622.238279646
Case #14:
27109.570265912
185255.109382468
37660.482698679
24524.987360669
451280.400276338
272358.413294303
44557.531524343
419877.584058679
Case #15:
2.884499162
1355.151342174
141.991397924
4.000000000
3024.059343220
2.449489832
349.565579245
Case #16:
5.000000000
18169.938200506
1592.679217187
17698.507540735
5.000000075
6006.953164951
6797.313612048
Case #17:
965.402384755
93.978567692
52762.593226652
1967.468747239
4429.930061182
10051.314289673
10614.787283769
1772.395968787
1512.601910753
Case #18:
1459.014660199
2387.318045577
38560.019994946
2387.318045577
1095.718374705
86.153908498
1744.517562254
11086.754394324
11086.754394324
9.000000000
Case #19:
46319.555321283
8881.253802135
15813.619631539
7667.530777218
1401.336172017
35424.534754886
6111.502409306
39358.765834322
Case #20:
375505571.000000000
36522.858426332
275727.554984023
41682.956529111
Case #21:
231853.669089731
1509506.917968726
95322.273262889
Case #22:
60093.757096767
53474.000000000
2113.338290759
420.128551832
67533.000000000
420.128551832
Case #23:
57895.524243808
882.687016020
20.162017324
634.476161958
56558.028761608
4811.255525962
341958.583402041
72670.000000000
78766.333022035
117.209695345
Case #24:
94.087477052
14625.497007807
74639.689087029
1008.868330817
47525.286259042
56.989430733
Case #25:
504713804.058817570
6.214465052
515444.743140574
31.198474853
99.505828678
6.928203285
1318593.584701928
Case #26:
11327851.975878466
695317.718674704
246246.518286437
317603.430005020
385.535990605
6943850.274923068
362462.139403798
33219.314544181
180573.704205375
362462.139403798
Case #27:
900.835812521
261.943108494
35.958285089
81.498466254
131.603105569
3216.309083784
199855.057902007
8.485281408
821.713748193
22099.728990616
Case #28:
1254140.113664128
58481.000000000
1024289.047840165
1024289.047840165
1254140.113664128
1254140.113664128
588798.753725578
588798.753725578
1024289.047840165
64302.278847677
Case #29:
9.000000000
67007.458181946
9.000000000
Case #30:
70136.598998023
16223.193746191
31599.472652551
87117.104057925
28620.390159678
8436.893385871
7809.607471810
Case #31:
25890.000000000
25890.000000000
25890.000000000
25890.000000000
25890.000000000
25890.000000000
25890.000000000
25890.000000000
25890.000000000
Case #32:
46489.233893643
16682.914860427
1950.396071230
4871.645987163
5704.660810297
315530706.000000000
Case #33:
42549.957055133
Case #34:
664402754.000000000
758501389.000000000
709894648.355955200
709894648.355955200
664402754.000000000
758501389.000000000
758501389.000000000
664402754.000000000
Case #35:
6.324555352
6.324555352
10.000000000
91558.282094004
91558.282094004
6.324555352
10.000000000
Case #36:
27518772.459723353
524364720.117690150
27518772.459723353
Case #37:
400883541.309837640
496504069.054642400
443704758.485926750
Case #38:
8.000000000
8.000000000
8.000000000
8.000000000
Case #39:
543.876992127
1356.363444757
56961.961606023
1041.833015630
40.044651809
94.991689079
5.000000000
Case #40:
217.901774838
7036.623818180
12430.467178975
2087.549069444
7036.623818180
955.014877550
Case #41:
6.000000045
85418.141076746
810695425.000000000
4.000000000
810695425.000000000
4.000000000
3078.837311330
Case #42:
2711941.252844448
80083467.000000000
Case #43:
52410722.044217795
4035275.639188900
8495.657806966
14264.349007565
295969.185260903
Case #44:
5614136.088198277
157922.654765601
3817666.690482624
Case #45:
79314.612373813
25399.162899609
Case #46:
7.000000000
Case #47:
5224.218065749
Case #48:
56810.000000000
56810.000000000
56810.000000000
56810.000000000
56810.000000000
56810.000000000
56810.000000000
56810.000000000
56810.000000000
Case #49:
490389772.000000000
2824045.280518083
28183851.042264774
1222770.704095398
6440010.418264621
1454500.835971438
41499333.543901430
339838228.000000000
6183968.229755476
479897.587993412
Case #50:
795511033.572949600
2628.804970160
3.162277713
4.481404815
Case #51:
875125508.587047200
976543791.000000000
875125508.587047200
784239952.000000000
875125508.587047200
784239952.000000000
Case #52:
3.741657421
2.449489832
3.000000000
3.741657421
2.000000000
3.741657421
2.449489832
3.000000000
7.000000000
Case #53:
79477.000000000
10771055.000000000
157062.107112256
925230.316318649
4526.000000000
79477.000000000
157062.107112256
925230.316318649
10771055.000000000
Case #54:
10.000000000
10.000000000
10.000000000
10.000000000
10.000000000
10.000000000
10.000000000
10.000000000
10.000000000
10.000000000
Case #55:
345714.928571831
8103.057092475
18981.886734339
102935.733968012
972.460796155
23842.169934163
24281.633152095
8103.057092475
181966.224420893
32009.265485312
Case #56:
13297.000000000
5108245.522301640
18651271.112995483
833105883.000000000
8725205.761960010
7840009.536697023
4934510.923161380
Case #57:
519425398.000000000
1502775.642007424
7.745966725
354.200682383
1502775.642007424
22644.186685596
1418751.715897368
576.187469522
25667.124632949
7.745966725
Case #58:
1.000000000
2.000000000
Case #59:
99724.000000000
18613.000000000
34868.874171715
43083.208005016
49494.679182616
34868.874171715
34868.874171715
43083.208005016
34868.874171715
Case #60:
4743182.596990555
8.000000000
2729.203815649
496.943816537
304892.033817858
Case #61:
1.414213598
2.449489832
Case #62:
32.000000000
32.000000000
32.000000000
32.000000000
32.000000000
32.000000000
32.000000000
32.000000000
32.000000000
Case #63:
1714412.031849298
38896.183066607
554.395587758
12877.396089780
333.682483809
1833.364125392
777.697439250
489.918687093
175.131997315
447351053.757725360
Case #64:
3.872983363
2262.854090857
Case #65:
250192375.156395000
Case #66:
4.000000000
4.000000000
4.000000000
Case #67:
899.436149693
2522.164061346
2873.198887280
3268.187752201
2873.198887280
14943.451116715
2115.319597888
5738.040073823
1340.035512816
8811.893906835
Case #68:
33432.658609230
381323819.000000000
23236.000000000
33432.658609230
Case #69:
356616.176860469
Case #70:
524626.882213793
1508959.151004956
46526.497718158
704435.332589702
132127.585426584
7501497.830266856
885148.926990128
7501497.830266856
74989.331201181
610989137.000000000
Case #71:
139.786340811
11795.640173418
127.004319237
23156.466397118
1573.077335441
127.004319237
338230344.528317100
8.000000000
47203.708706824
882115.517903072
Case #72:
812229559.000000000
1236434.119777900
813724691.000000000
1211808.741744607
44736.663666445
837613717.121280100
6168718.244300330
837613717.121280100
Case #73:
59953.331228809
Case #74:
3133.710006689
324410.052506958
34645.195843713
34645.195843713
2682.029717265
21285.232867775
194186.886399984
5350.890612199
2195849.702354018
240714688.000000000
Case #75:
326.334284448
8.000000000
6334.210635080
317.679083430
335.225297406
167.612648728
14047.000000000
Case #76:
413184.769120507
301151628.805090250
857008222.117660800
6458925.170703872
Case #77:
7.000000000
7.000000000
7.000000000
7.000000000
7.000000000
7.000000000
7.000000000
7.000000000
Case #78:
28869.364376915
Case #79:
1804.051503546
4.000000000
68035.737814324
68035.737814324
576.784188454
38312.756752862
Case #80:
834.481875245
7.000000000
834.481875245
834.481875245
Case #81:
2863.775227242
2863.775227242
1008503.748761010
60329.309253475
3.000000000
5.916079842
27199.688380586
31953.499365726
1.732050866
366047.883996077
Case #82:
448.751349569
14344978.352563696
10626.873697588
56785.000000000
10626.873697588
392010.247171228
44994.795181039
43045.535205898
63286.936268067
5959434.097432115
Case #83:
2211.005267705
Case #84:
3937.876624790
71339.899957934
217.366050759
1372.500416720
1372.500416720
Case #85:
317759.017829843
39436.620815888
366.081958086
46965.612561615
1607.495434317
4761871.046983112
90707.000000000
3.000000000
159129.515532983
66642.138869032
Case #86:
66127.455523454
54940.000000000
383083.752280240
27070.089028327
75866.000000000
63173.765381949
34825.599550042
38780.920426894
Case #87:
22167.000000000
78093.517656786
210.556405781
31184.996416442
351.798237663
872965.723708862
3000361.392780081
82525.000000000
36676.313042836
26209.518604362
Case #88:
496133638.698377130
429090868.000000000
352976.030653251
821.265444542
128526.117548719
50206.000000000
40262.000000000
437764.386902258
354353.008381077
550046.181923472
Case #89:
50577.120884179
33643.346896770
47357.860889225
42877.762877497
56547.732007143
1121150.915556616
243192.778573643
15449.822300519
15449.822300519
30385.458583254
Case #90:
1421987.950300332
4017.604719997
862171643.000000000
8.000000000
88149.000000000
91959.000000000
73295.007757667
Case #91:
5307.430018742
Case #92:
437888.234626616
437888.234626616
11661.609837440
Case #93:
4.000000000
91.438929259
5.656854272
5.656854272
15.179317012
2.000000000
Case #94:
45.226517134
101.508917194
3286641.737818142
31.141112504
74711.000000000
2.000000000
71.050857327
773.172974963
114.065117049
3286641.737818142
Case #95:
2.000000000
Case #96:
7926.873348142
395.497426629
2321.381933393
3883.935295744
451.608237359
39988.000000000
505.453827548
7926.873348142
Case #97:
508363823.997655450
561167697.960945400
Case #98:
47657.207884284
1128431.400331158
33301.000000000
442076042.000000000
Case #99:
172067.621863423
35231.000000000
3.162277713
82.885463226
35231.000000000
623.199700349
687.000000000
623.199700349
25491.415944029
2023.889239367
Case #100:
40291.820899945
22.851034367
31.922325121
51709.962908557
352.124472879
3291.710014379
608.610352433
42490.922042265
5558.508114954
645.427373656
