Case #1:
109145.340813691
93933.323226072
34408.431482197
44847.530744897
34736.980167377
36578.645709493
49527.659287435
56258.654825511
55849.988097434
6830.727754728
49896.959827294
45100.302931860
2165.207439814
45528.015810176
43105.301945463
75806.638664833
53260.211696123
34639.155894059
20756.415001806
27597.434232144
71799.570797423
68977.283113896
42750.478549068
25832.653224433
52123.115323914
95050.808184669
86072.887295410
19171.614164542
23712.474865165
63541.774797361
60376.647495415
64656.071804344
133910.212452488
72475.276822104
195193.955825062
17627.287319140
337527.206502872
28662.690341948
33959.749575137
Case #2:
831805.000000000
1289.810063562
1289.810063562
1289.810063562
1289.810063562
2.000000000
1289.810063562
1289.810063562
831805.000000000
2.000000000
831805.000000000
1289.810063562
2.000000000
1289.810063562
831805.000000000
1289.810063562
2.000000000
2.000000000
831805.000000000
831805.000000000
1289.810063562
2.000000000
2.000000000
1289.810063562
1289.810063562
2.000000000
1289.810063562
1289.810063562
1289.810063562
1289.810063562
1289.810063562
1289.810063562
1289.810063562
831805.000000000
1289.810063562
2.000000000
1289.810063562
1289.810063562
2.000000000
1289.810063562
1289.810063562
1289.810063562
2.000000000
831805.000000000
1289.810063562
1289.810063562
1289.810063562
831805.000000000
1289.810063562
2.000000000
2.000000000
1289.810063562
831805.000000000
1289.810063562
1289.810063562
831805.000000000
831805.000000000
2.000000000
1289.810063562
1289.810063562
1289.810063562
1289.810063562
831805.000000000
1289.810063562
1289.810063562
2.000000000
831805.000000000
1289.810063562
1289.810063562
1289.810063562
1289.810063562
1289.810063562
1289.810063562
1289.810063562
1289.810063562
1289.810063562
1289.810063562
2.000000000
1289.810063562
2.000000000
1289.810063562
831805.000000000
2.000000000
831805.000000000
2.000000000
831805.000000000
1289.810063562
2.000000000
1289.810063562
2.000000000
1289.810063562
Case #3:
149668.298373543
41205.461035644
19761.989642992
41262.272129801
56956.415138372
139278.930574284
2525.167237096
36329.797101250
21494.798250233
48.655710329
23302.215080736
61201.204365291
40218.718157732
23924.557514922
41262.272129801
9535601.460620744
19600.906137515
173777.452309270
18406.130273306
3570.369887122
21913.616703661
24427.595256232
20219.411256285
2541.401668287
8436.758832351
23231.355773230
109296.803754344
107879.882044533
133205.332469000
35858.651244702
304.197049369
24625.011840561
34115.729440308
35399.881469436
197.713413502
Case #4:
6325.274862014
56332.218121518
106325.038519367
283080.553691595
447763.000605405
359310.410446740
272044.199695079
33406.312091347
210920.232003524
820039.409859519
1621922.860781618
572776847.306494400
235443.692846152
1101168.624485165
Case #5:
2041.267407936
1399.313034600
1197922.426590171
35783.980357620
50094.756239499
32312.958200578
19993.531301679
139233.131182358
43833.070959863
24641.876520553
31360.594057511
12502.285812921
43391.362284181
56806.717290888
719246.532110923
18255.484092212
39843.893147602
468212.754880100
11984.604691192
85747.941937680
25569.296972734
900694.068479923
4096.812484774
53884.121186325
28698.880001931
29467.339362585
29382.603977136
111.598718890
34670.839224002
11556.021779170
57017.964324273
11110.513337479
32680.154092834
22953.597470865
82191.626623478
11260.087393807
13377.567602550
38464.802062007
32878.459573060
6371343.983591048
23664.732219094
17924.087641871
558.842066733
58339.535524287
28995.114117740
41069.093373461
94144.776539985
44341.842151946
29489.626028348
101850.727167345
29258.881883618
13586.117754050
22541.281266389
4350.014476879
1745.529784483
209.417699196
6371343.983591048
56462.856211971
11939746.512086177
4305.731055531
11539.000000000
19586.454641727
28936.837147370
65850.139999821
68156.593880752
12093.421994665
28358.858992072
9793.332419228
46978.237751899
Case #6:
29655.665758645
34609.685089423
39657.993153316
35626.206361391
31694.891199597
44383.224562168
30584.049582577
42674.271699260
27954.152687132
31533.027177687
30419.523364563
37531.480473268
33316.760472689
4014.726021891
29010.740868156
30897.036722862
12155.757346295
33754.701553220
33760.674964105
2878.345726190
29046.747503311
31427.551549556
38345.071212979
29797.792745513
30338.374008950
3564.995236441
39220.056261340
26461.361063741
31204.428020956
49589.387703848
60382.179632581
34994.748348940
12871.682366548
30081.241777090
20707.874414863
33073.703649966
50622.591106973
28548.103037128
39683.156496553
32179.710195645
28321.039640541
26242.386264926
23220.774205002
27334.635037906
40185.859111252
51404.974638758
81491.569797578
50429.413952625
3940.916413041
33061.685945600
47329.891063695
49801.785943739
62163.414894637
21794.670779330
19084.280033491
28160.262223016
83271.497047778
34250.914451639
54799.251553330
35820.544266442
33104.669625913
17808.836656029
8633.500601771
28158.382403866
38818.617323593
27226.843082603
55654.132734350
29127.789584216
33960.763928733
40161.563961734
38050.024567305
28233.018886386
13675.117474875
187728.102488512
44488.692509542
22444.571441904
20726.643623082
30413.637720538
26611.404738404
30785.737378678
24856.752985726
31866.656378614
33933.090235746
34145.946880373
42983.778927127
31369.499244831
24114.160912023
41425.052929015
31557.860098563
19071.663597167
88859.778498419
36216.371031622
33551.294326792
21496.852490107
21869.166893048
29849.593184120
155924.705352077
23352.317659763
35202.373371003
32429.945576268
Case #7:
57992.522506173
61367.438527703
48508.776004782
57963.291113692
46661.954092214
156530.706453457
44551.473426556
77528.515691461
236587.632745124
65577.102728415
37998.817315052
94931.934158006
31952.468946135
58227.956867151
54519.379165701
43975.272092042
48302.875964889
53802.580706877
55808.366500838
50893.129323029
54330.017532721
55350.619668540
52320.525396393
54728.798518139
46219.121631208
54014.151796804
53488.234234783
52667.191144573
45809.157683737
54846.548046281
50328.529629711
32990.475100380
53734.317624447
79077.020648892
55502.344718591
79860.889206694
61699.403131267
80464.994543965
62846.047143882
54638.619585130
49290.820639800
45147.991350246
50762.407601806
64079.220424110
59035.831034670
57615.606005322
67971.673640194
51547.531218178
32893.614759258
45149.276053940
75377.075820738
43483.827708235
55886.063025189
49238.302031678
56432.202134759
99369.879835697
78854.003180750
99418.163276386
50217.812329603
25273.360013004
50530.955095689
47330.527087259
46214.011286001
70869.593243148
88093.696696086
69456.672077295
77842.019256229
53722.046044879
51422.326354243
61821.585746318
58908.432473016
26688.463387869
53204.330375754
3322626.443393127
57779.027644512
50573.408833574
51672.513165058
59425.376080918
57738.310121104
116855.158892617
45270.112360469
41349.571110316
49645.227726604
45503.993343866
75001.306776869
5778.735510410
23446.198459134
47732.389107013
54539.204363236
60304.147401613
55885.323926351
59731.406453457
52071.031004931
51377.361562801
53673.369004489
44436.669223176
67339.670807684
56774.056183587
38595.785440623
55267.791567676
Case #8:
1032.665040953
29170.708377199
36302.625030533
Case #9:
5724246.675327693
181.016573846
1.000000000
Case #10:
3479.032378418
37008.516861694
21522.216151762
9043.920698382
22792.657249263
11536.136762782
576328.124051926
514.562921363
65283.023334832
14593.713944864
30.215808338
15556.543855027
6392.394488207
339.788169344
5682.305204959
5.000000000
3235.428802524
28253.420194483
69650.663089891
12122.735206291
6162.378679246
15182.409803352
1171.370584560
33064.123963771
43828.513551291
927.616300072
530.939680420
65629.059501032
12470.935057626
Case #11:
52000.884002520
107847.836364717
21544.407257495
48938.171796815
33473.068205227
17167.737166787
77484.804758443
28807.553562418
14710.170187738
26457.391599376
9273.902862561
38547.424361755
40879.617126587
43534.340656823
27217.743768915
39678.713836224
28408.111012484
19144.951314425
34149.338141992
38277.532227033
41934.360897755
249661.892244494
39315.831754488
32959.437672986
57835.022685562
44533.693515739
33469.955545598
25809.795162186
44187.100326492
67215.012232663
193036.280649039
27721.102509177
94771.514639163
48609.707843975
21305.925625427
35306.738735792
14487.632992184
25889.822835149
43150.257092267
25258.969613335
80431.360158142
56388.528124875
70556.408689904
24510.252450113
37680.728718093
26138.619448212
100918.143446492
76821.447964932
37591.057302866
67473.070803788
43390.566888712
35209.275397549
31229.036579029
41889.485211209
42233.208781900
68069.356500754
83446.844219544
30653.268912076
85664.846470646
22855.069714591
59058.950288567
38782.885659659
43529.947898290
30950.909784105
68406.347228753
25699.767310656
51708.449916145
61987.469220156
21353.032625312
24025.134613091
27930.197743713
106906.136766769
41289.477438548
35900.854992197
66338.106251081
31297.762909954
11647.863302082
75991.981801434
25455.936652641
53737.046598417
40121.570650783
195444.173873302
37075.004902416
56556.748819370
36333.392325701
25306.481851100
35397.917335235
51757.344969403
385551.229972216
32350.871184481
38963.008526067
33492.451328787
13916.918238519
29895.410597822
29777.821185292
22957.934076461
118454.452925745
48739.251316270
47468.825311503
141463.727899732
Case #12:
31598.626655657
5413.476355944
7117.171663110
12212.953242252
11336.294581673
3814.336380761
10256.104976840
26661.826905139
29929.695547545
24351.160158259
39136.945808091
41316.969082158
1540.226978537
5998.750096354
11490.729637166
5876.670432778
85922.059623116
7878.965381588
8722.989509535
7953.639771300
9131.930688363
29255.192378562
8839.030314615
6874.614474818
13749.258099376
9841.462143828
8682.960147731
13223.154095017
2942.501406393
7794.637092324
7366.707152143
6363.321865481
9801.124289387
7196.218569549
9827.458003764
4130.692557991
7216.834291474
10764.994261161
26290.307369426
60495.841275307
45328.069080634
770.311933490
12742.090190661
38060.904658711
79189.875495407
5725.343496143
5121.111572303
6138.522044186
1104.569729532
12173.474375918
44283.985964482
20070.987878358
3165.908802681
39634.148270770
49227.557711347
10491.609541020
6159.398885311
29380.174539327
10593.773326001
7.000000000
10257.097233353
8663.513973094
3065.547882811
Case #13:
131300.370040442
521296.984562098
725087.359410698
134890.349528562
82543.648096182
238316.274755644
148772.070152649
41455.583214196
75129.468795443
206916.420934720
542718.671537590
8824.411542030
370694.565986489
247.397441653
68832.953513323
17356.399750480
59101.748359191
19472.084842471
2329827.021429832
8765.620099528
23186.401003447
2384627.703471984
150457.754628965
41198.357208751
183205.077248443
263302.916031628
108263.627372102
163837.517796033
111669.061015843
287401.637534840
217771.122712378
227773.169727743
162653.466257578
17310309.154898714
3673.030748693
22719.430956415
90053.158369746
388281.783127465
575646.111903899
35749.258731027
834920.316351287
16424.301501496
180252.088301521
1641153.676992519
276026.840790428
359299.451759312
64589.630269859
352646.897965320
369461.129701486
544683.930612352
617675.786838335
164630.827331790
63861.385213441
105126.437792882
59488186.412063450
57211.963383887
224410.711762515
377134.278105383
30228.780790970
49120.750751146
165440.350945737
34795.155946789
196130.630118613
35262.419373559
191236.440380250
260307.496458639
22271.516369193
18680.412217919
33145.983060724
13234.040738732
394359.658474112
Case #14:
44025.773755777
64489.092838083
48783.939753811
76443.203771018
54567.263859680
50478.108241785
56441.096990696
92153.832201390
50158.049083651
56588.980069915
50174.224572459
21358.259821347
94586.082927719
36542.194439066
25583.090272251
135851.088640751
Case #15:
7131.258282925
2388.876301545
12507.711752361
5356.964469544
7716.644541568
5310.870853676
409296.106126870
27285.906587285
9858.539822841
7324.424514950
191.113754048
8605.559116575
14945.959739210
4559.034691129
2166709.409987351
14719.275052417
9291.075848114
10310.009549175
10682.224696769
47648.939923206
20842.197439974
8245.291833016
37937.705716953
2082.823840595
11736.956165369
11093.136315839
17805.654411379
1650.645584187
9165.357009503
12516.740269091
9761.444036637
6660.853306777
729914.835319018
264.122896946
18435.961996808
15595.823147843
13980.638517218
26635.875271210
12505.438234937
10117.959597801
13310.381440596
1147.171890835
2420.320813829
7595.957471334
16110.535667247
18212.366970357
22863.115167481
8207.168265381
3547.779155405
27445.476145128
7713.528428789
6797.410464589
1451358.696169145
2111.396817775
8613.509235314
62351.713200761
16234.964927606
2099984.880032670
42118.446105967
29486.081611103
3672.518144006
2808.952226081
55697.709163407
9217.396914452
11463.357240032
40615.983389273
7887930.804106169
4839.352482715
4047.504933014
8609.886898287
1205.566659829
8740.929993372
44453.102292673
1499.643319877
12914.991335195
3933.757329705
9173.867926568
Case #16:
19836.726685827
20992.146293744
135452.724586224
12393.913220007
3414032.661119708
16644.850247747
37567.588020372
95534.396860564
7494.894829203
320811.487400935
33865.509100778
95059.282389792
11124.274957719
302937.536644242
37389.702648431
345161.349964958
203647.834377228
87275.163598033
350572202.000000000
142718.317717579
76127.053338511
30824.542953861
92276.967249104
1363912.315049730
4011130.664895868
628486.234536325
106734.937818332
90020.590570718
330668402.908551200
802265.712373527
139137997.186587570
68074.349383189
21490.161992578
54797.323812838
133094.836579710
247822.146119393
29530.549892396
560577.310695780
23701.679004906
40312.936245819
37066.760098375
119378.644344229
34342.087379623
713946.855704053
64990.015371702
45560.440167727
1220004.359450614
35833.926679229
419824.939378175
108913.024419053
69626.739122827
1529191.066919380
16205.996082037
42116.033525203
139026.884742715
372.225742870
424651.703035187
1307844.274406837
21253.669115783
345161.349964958
36190.950288535
31347.850639617
708589.081706496
69862.942313387
8039.612594731
87502.315575292
2576864.222680654
8064.000000000
92749.694613641
45405.377351219
35650.133876696
32534.009621469
109464.037308299
51445.816682822
81260.385351030
90150.489587494
85246.086476190
105375.389168070
51732.485515123
306047.136807353
33295.696497169
61069.853331038
6321.516445716
82213.669443121
23292.244680719
92197.000000000
78036.478649431
9723.040003013
51572.086411567
37397.146138958
79807.301022934
45590.032498531
127259.539244174
44713.679257186
92218.995471087
Case #17:
18581.672235629
4615.023213557
92140.411691488
23317.267539387
2859.436057295
27071.867671399
1265.594737030
106172.223440377
22449.019169737
24210.464207780
25371.303556699
13579.547037839
37358.183634410
6018681.315336348
716.219410675
29007.145054244
55120.374172937
20730.137230120
64857.602879670
4664.282330567
171621.298094935
3511.206604525
4102.360702366
567329273.778590600
31767.506260852
13069.257198606
208248.974219165
31413.491495310
53289.200771624
21911.251427216
12981.500538377
173691.986527429
87093.740106585
79079.417540092
30530.874919704
21468.053171614
16536.752692484
16157.678948604
12766.979624544
23613.107408326
44685.383621367
43545.134421131
60607.644897456
27879.134716864
44651.518359009
14289.688386026
9419.085343751
19552.561196369
Case #18:
95298.718048265
73690.028633324
53397.676060222
5468.967092764
1459518.535525669
13687.539644017
75976.025218226
712091.800602912
4388.818243131
59311.816400786
55621.030040319
78371.281042275
2599.489424191
19826.873111591
2592.174973487
231686.177600112
55024.222134864
161047.523247019
150997.099986012
221949.361227937
10509.438562097
7101.785846724
82702.049852188
24797.447189895
54028.045029784
11827065.994471904
156385.930507677
45083.262225667
100237.400467775
11827065.994471904
28423.323184285
10239.288845293
113188.811159836
23573.974195400
63657.798716254
22777.359401831
3021027.919538174
108628.644846376
2521.271276313
1912648.144612076
107.450916921
19018.991630462
76502.978385072
21888.676720117
267035.224885462
115272.461061783
370965.598044461
175484.335749263
47106.483297818
42480.941915849
Case #19:
85033.800426967
1132.255579483
8260.563395637
311828.010774114
36747.030673791
58389.827379805
12880.179094143
6416.569164936
5394.990026820
8129.862308750
386.921430047
163740.797930651
20059.942418521
11724.674624709
16432.099717822
970.019461122
8320.352663988
15781.844500612
24048.959271090
12195.308552982
16400.302919441
109285.602512529
7037.787430483
10701.229983277
6685.774195075
30018.229302948
25156.434485614
9084.829441649
42572.186850793
16299.995591004
9816.625073052
13639.117423398
13778.169051978
11512.837910101
18504.390405047
254548.575558106
26049.122860313
15594.436986220
3658.257821958
7331.987752082
11046.672394731
11417.954577541
9906.527518098
153.284843099
85804.319478999
14104.383718415
3716.042043990
11227.817415133
18807.637768835
1217.377471833
6317.896257523
157260.185717940
4489.326714361
87144.719489820
15425.629061829
6777.152169330
13610.894252495
8845.701098123
Case #20:
49585.226969588
105266.102273266
41590.940816540
100293.746916306
52344.205714502
173596.848280558
Case #21:
36422.654776478
30922.438429828
18999.403969906
6487.695525500
25021.917632350
76867.316017757
23580.980881617
28851.774299833
25603.553663349
24144.941261582
19744.370666872
5323.600429904
22107.288098395
14875.364083363
2173.953036198
56154.817019691
127806.671814571
20681.254342640
52017.990429452
616948.631254809
680.280655856
17876.029932518
60061.179815893
22455.138873972
34140.661903787
2760.118662260
27991.415524061
408843.577361691
34306.349433697
7196.491269389
15184.092552463
18025.492037148
441884855.476854700
26883.193640264
5899.938022780
17938.835243592
12036.203433738
756.287364613
24283.143315836
19542.921946838
258645.006375224
25209.737621784
31290.106939444
22574.294905537
39203.154810822
36457.202803459
6667.908271833
8528.778246503
10683.029297744
20778.841620957
12981.320876065
25298.538461019
192434.060957333
11858.886423972
340630.141689072
10365.610121102
14404.554182473
19250.682581817
7737.572852752
334285.424737299
24207.705946704
26819.552234621
11642588.115683928
19924.926963720
Case #22:
26765.144527889
26309.484243834
31618.781010093
23992.326623459
31178.474682163
30600.670752416
30493.658164212
22323.043737736
30905.528579197
21743.264639737
30671.554339768
16164.332052566
25938.495355943
70157.986859294
30924.706173966
32181.350890177
25587.216107638
30888.320038975
89524.119214596
29990.597067405
46695.966135228
23745.360772255
30141.289820518
30206.721214143
20600.777175184
28040.008434499
28236.529706308
22164.038658912
28688.422718532
31630.215790224
18152.484688297
35189.212045608
36321.774772038
54460.898216877
36665.271125711
29865.670984934
29236.302145855
29970.661024549
27236.070559615
28481.834279131
32127.252745383
24755.728754778
30964.895625974
33174.218758818
29414.300025876
21649.074515501
24351.559746581
60634.101086984
33600.334495232
27447.535639861
30458.026046923
40596.658951391
62702.189020407
42772.617612103
23686.294729288
29822.941989193
42853.468477729
45023.157463879
30242.556541372
29799.529975986
13973.748689648
58338.046345979
30224.498288968
30265.306897548
43737.624100510
21677.668530302
25259.057652582
20936.214796875
37846.997324177
19402.318202437
30535.618655632
34940.162317640
28348.244869477
36679.188834389
35820.496226693
58088.477045700
27690.456453801
29798.632166205
30250.585917181
23767.914417991
20009.367202933
32043.694003754
106071.769695727
32675.626642922
34244.071637635
29845.746084814
17830.665113689
25879.516815639
24086.298764892
28346.147397624
31613.851320040
35423.957997410
30519.850754390
74389.911025881
31644.580985762
29731.518245179
145695.499360467
29928.498675524
32579.578406581
58476.959299294
Case #23:
51222.386810900
83394.927411846
35441.299145806
39586.393765692
74490.896943832
75832.436550368
73799.175812782
26975.728374789
35207.805608515
42271.949139483
55544.373613292
42348.738027714
65570.871755195
29892.006867841
11937.183838741
37541.560400324
327205.034204977
15047.643839090
3493116.326390976
47771.487730867
39880.403665359
34974.977015979
42209.668516017
40259.449556510
26963.446620229
38829.783762759
45560.138241365
35521.899591028
32383.526176377
46700.131569229
56847.598886598
80594.616887053
25531.123037689
38356.272987811
66712.686279016
41646.857940206
10734.345271114
33261.157317651
78580.088221729
1.000000000
31136.610134451
16600.083791846
104816.240971401
68825.258487969
14373.329451643
118499.426316962
39437.704361923
20222.694307549
1826.488938200
65990.669925809
15834.788294425
57044.169775212
42156.249128103
40644.965772014
11003.879224340
53746.709176150
58429.432187078
49863.969111348
48571.856267474
48713.967673022
36017.353028716
55359.734305115
244887.434747730
42539.563851044
40859.877339061
32237.921605056
35774.230498369
42176.202642831
11403.469468984
49720.892431281
45647.033280919
10498.979573089
43824.855740100
13281.840837100
82747.635585232
75659.439108193
5213.083443488
36118.719814450
3320.858007282
85876.847089976
21029.293232561
848627.455459724
46865.251962627
42301.700515440
32826.573254067
221683.515343911
64715.997591668
97156.562317390
71293.732951377
413388.170837496
91601.671143561
35860.210403647
22143.383581287
34400.424997422
26570.297566091
37581.879441011
33179.682756478
85760.525445079
4990.694624184
31638.983519323
Case #24:
5334.939030048
25464.560132149
5331.664690856
15761.024834031
4978.744129859
12716.497479796
180660.033595718
12166.256445371
20116.320831401
52429.210036389
31514.725679914
18883.737727256
9615.378976696
97902.326260337
26103.665907967
170482.207786886
53946.450575694
20491.726362362
24841.670048998
13962.203863520
22226.836651071
122342.930739402
9128.124099944
117212.902078038
5919.113622578
31088.649861688
30041.102948202
81367.344766906
50000.998612379
163405.095226348
372714.215109419
25849.027498574
36873.781872696
28413.014471207
9714877.098723074
42711.965197205
107453.777620444
Case #25:
40390.828323993
35789.547999111
37278.264011816
43604.683105907
37031.696314882
41167.718593316
64282.192054843
60441.350379543
20067.069974423
56796.654215080
18684.409570257
35779.560569397
53576.938159722
29751.863121798
43192.560653420
34089.816548620
38054.185916390
38061.912259714
34736.786661414
60649.082418956
45493.988269244
69808.729113117
50838.759805769
40229.282895100
53424.313869462
39848.962859823
39880.387309206
41609.605572962
36144.163850885
46025.584260041
4161.695885554
42212.369586436
37741.410553517
31325.516238616
81567.258450620
32713.964485439
23356.802316235
57660.860527565
18814.988508335
47885.005541144
5323.058593317
56504.160202022
41256.578987264
40323.921303933
46092.757281816
30417.719690747
50703.462405987
44292.912109241
35660.281492456
46735.160945395
99632.715115519
18766.554306182
37256.676087002
8599.674508308
46377.261815876
60573.395275143
42171.230607740
55170.440436787
56548.478589581
49647.744276852
41692.666419720
42081.472980097
48111.301151795
48744.317389710
43018.288345851
73769.680105378
42838.083173023
39820.407506559
10387.746823402
34570.642625394
32163.216397699
44835.322222038
38897.415830768
40243.671481883
7162343.841490326
47402.528932982
27074.779277045
53007.276625844
41399.472897355
34226.245749767
10782.520353661
47590.109271931
31539.445952128
31221.019151016
12362.092478941
48124.258260270
49366.289167671
44241.986176487
39278.591724608
40496.668578162
33078.578131989
33990.575654425
54316.998034352
44167.719777092
43553.719671439
41143.129588114
139394.731521236
43722.402121024
39947.206501732
34153.925444523
Case #26:
81849.870038471
78724.862867708
459517.199642596
95306.224702699
167109.239865344
73764.989503104
65490.162330796
80024.532382133
177289.211575688
71722.016385797
80073.696537294
190154.135539334
127429.382126611
189740.688216743
162227.787203613
41565.127857236
340496.138021297
137730.119236605
263277.346266448
5635749.929519597
98211.063730653
125129.005895255
39807.451686060
130401.600666294
120353.653621795
120913.774008412
253267.183995430
105855.108595362
67515.031929118
143983.938372763
44247.738784227
201578.900282379
104149.989052252
122429.653986813
43678749.537778206
62215.527737990
4.000000000
104891.805905628
184087.768509201
159599.889605913
98783.093277434
33715.927909462
93302.356649679
29917.809783350
6715.930424258
30088.593331129
142168.911084265
117765.110179943
160104.069452824
108211.186395905
100781.912225937
104136.621637067
279102.528764713
132731.465257642
99724.996898342
280856.753317140
170074.370488852
248642.275762234
95065.510268408
62448.750471974
55405.544467922
7826.321174508
12994.921154053
188663.834424564
158644.116794933
142651.494019522
127117.702852016
37410.421440254
19741.770436120
142678.954483305
99269.148210713
721125.797995459
223672.671335166
271960.185845822
143862.570752435
70619.524802181
88265.424372423
135265.393782655
132087.240204379
150708.690281552
137410.280681653
18105.055326400
116920.533311120
363855648.000000000
1104.145875625
104190.781393782
128580.927880709
164771.415757640
861363.474549165
9819.702647993
115725.330891929
9431.059610069
135398.208014032
16548.220117131
151416.687139940
Case #27:
236690281.653951760
116740.177969002
159646.043065022
307599.663889972
3726255.747814465
136876.775082134
211572.494861627
146966.822490689
319357.994911904
942895.835229035
85349.998125739
144786.488662691
408345.318747213
22079.500702862
Case #28:
398565.555786126
14430.901071396
Case #29:
87785.019216048
22398.112393640
121.934435072
206866.016149022
23620.744863098
671.924056394
15576.405004915
40958.278721119
10309.171647846
147523.536219906
21953.642730266
22825.039546552
18897.838339251
11539.769499062
183579.463149186
228435.600229619
4984.738891872
2557.183847895
19055.136043690
65614.425309646
260.767606288
23700.748836702
38428.840656768
5748.328986298
21469.421214758
15052.735415692
76852.126145395
4090.625113008
55550.446453752
157692.364785522
13447.662220343
9560.497680789
18034.272120141
247.559659670
48727.274019973
15644.597469510
1294585.380244656
575479.916538326
3529.475785125
7856.457286255
40092.432142665
249.437577380
2513.351709983
14007.054644242
12108.471721613
5857.015050859
689.747667290
12506.750548581
17602.681899803
Case #30:
30429.471878006
28684.432486385
50774.834607761
26342.325244115
27867.755534194
47661.600110169
35224.616420474
28855.738081484
26206.178846308
10155.054604104
21260.203679953
46566.127531595
21672.161746255
23090.664540879
12940.772799790
26277.036162635
39882.978641746
34493.783220672
27668.903679111
36181.572015686
43512.771079610
586.934987168
30887.292631345
22045.974610289
35197.804520474
32683.632028120
29505.796206855
20568.381452520
37953.756937419
35577.227521607
29881.933863181
31608.249015327
33658.913386407
66247.047669199
44633.111825172
28880.179934652
24076.288884688
36074.948043938
31138.552954676
31117.217796431
26595.209858530
51853.156872129
33423.825172684
25490.655469215
29097.454156829
34828.592340639
32767.884541560
31879.442442190
22062.154684351
39856.852834815
21254.780832386
2820.361899374
33647.906790520
21845.662873750
5070.831465494
44238.225293735
31957.114673029
34430.672353827
24585.190039384
33256.172356226
34888.158915386
195411.574344856
27014.144656899
20245.756264920
82333.686311534
22220.668290120
48360.206301620
24225.881538557
31999.514151586
15311.107171438
50701.190688787
27003.670299729
28709.959800806
22405.532181186
28651.113197274
28402.109741347
74771.580021273
283707.435570449
36069.994126261
33104.498130575
19635.280320121
31028.412812390
30651.919609472
244023.343505964
30703.867634175
28429.664792413
30474.940651987
29087.346853397
32062.587269552
36470.240785433
28464.294744813
32436.509082125
36142.900208105
290478.996970968
30252.291577513
52636.976978912
29242.835757506
31945.322456563
23831.305051725
29417.239736098
Case #31:
4452436.962977004
51798.068473108
328069.166733527
18193.989986472
74420.392517321
57832.881792880
46418.090007163
50444.834457655
176353.389451500
15109.766442375
18351.365815232
39783.322912916
120652.185182202
57789.090842375
32536.010030952
85137.169796297
50398.000000000
19392.206195669
12682.465996076
79904.574501755
940090.315875173
68090.674248183
19843.409493428
21076.821206095
128536.276483543
36622.786039187
40816.827273047
46574.378816330
761882.903009847
22308.266592025
102482.862969979
81291.590319753
25659.637134490
31778.152279322
69619.017925836
81303.719040932
42722.971760723
99319.386882457
23225.419363060
48879.885375738
65052.974509554
24091.981963304
47970.206287051
5096.633756133
22476.335364196
57771.938428699
39245.110368666
15831.417439447
13879.136985512
42105.044250901
41065.243460386
15059.321704746
63551.225996593
24578.517125639
36743.105343574
46173.907791663
45897.436433990
47799.246937212
40801.271141783
31037.524648150
42905.290031227
34734.702784597
18260.590473821
63430.160593983
96908.053680086
922086.358248282
51240.842070832
26399.603410277
33061.501498719
26829.036812877
28345.205829656
21713.716630335
28086.064900477
31872.377033574
32179.859806776
20715.003109909
46097.162943312
178139.049640173
49144.339782787
6100.900064984
289030.248685294
45816.679842223
4394.063371883
91383.825623234
Case #32:
35637.019005662
69128.100931366
119660.589775502
77375.829601447
26172.061926731
124731.154514690
102594.630539653
57162.593469273
71773.949854224
260483.741558323
10520.683586263
126167.154666249
114924.525058402
3122.734778316
106756.584934533
19551075.798445877
81980.350126419
44370.191810418
7491.161247380
87450.128453990
41168.595382328
70342.384701244
73084.949655462
98192.059524644
75871.944793911
311014.758908455
69156.727194509
66195.203339511
86429.558567285
Case #33:
880.661526312
42501.944610222
168431.973313174
14567.083393456
21715.085702279
12704.722348707
63780.028662063
16073.088727684
7225.255808016
4168.478013313
17399.294968382
1638.156763645
3805.261604531
1861.623912644
28471.426184291
23757.872437644
10585.451301546
4694.172578415
24287.601462063
2530.294110558
35245.087286279
4136.916079855
13909.203718979
18261.855166318
18504.581868757
2876.084529446
33706.455184071
7955.285621353
36938.425533345
12418.970507449
13975.929064530
18976.346239883
23735.121175373
1558.807815319
446.184649224
17322.063909149
44512.501150840
6401.856548500
30169.087148157
20493.204330641
47285.807833016
5390.250825044
7622.294889592
Case #34:
46107.000089904
31743.755692389
28354.253421560
46466.875421279
44570.419591248
34417.604799357
71825.382142159
29570.814928436
55406.886470723
39952.302677633
41795.222737407
34053.813832096
57733.507058530
46278.384053424
41878.210889554
46519.313484525
50884.185958996
8029.473544754
38370.613862736
70811.854982302
46906.531636208
40097.219318741
43046.464689872
74023.068206023
37288.296645886
34997.781543290
34796.903514320
46931.430257900
41362.129091900
36518.188816606
53735.781822419
40115.273229907
39998.497194735
70597.519354810
67070.465394570
36244.411426880
42584.726106967
45471.233882751
39367.070101279
340710.265660904
41686.980694444
41109.627983229
63770.130706679
70179.369996900
7976.855931891
52019.038482088
35491.208476108
31268.088531513
56376.529972122
50326.139653223
42039.372932758
39192.192463443
45881.790866477
26930.528573712
401418.333480747
92065.486394055
34855.455658118
28171.515807090
17858.418886637
29676.873179689
1873.724660494
40621.109931145
55212.501328910
32562.553336477
54014.880692638
56601.712784819
29905.865701782
26557.018339604
45412.337351314
44893.653964308
39604.720953072
32074.397169914
68924.683271025
59081.239858517
35358.130159868
62798.152971952
63388.134072395
28545.148324674
50760.901211732
32257.439847381
62664.796807713
48774.520417464
43117.432330012
60578.777655129
43525.373603437
30670.652301218
36092.614917849
42179.098145696
28661.949564837
61066.565849396
75163.778080133
28851.702297547
33618.104181356
44830.598910180
17377.226021080
70304.091352354
56972.843353653
19743.367839675
8598.291782286
38398.417143278
Case #35:
7889.787230441
17283.226606745
144793.257279234
13131.778499769
32771.132471868
18263.550151074
7889.787230441
48467.831653455
45271.732860890
2996.978807512
2641.135319406
2811503.613384130
24745.534448087
28264.534576989
11710.022259054
10629.598964730
7402.641009140
15005.609222736
11348.805967753
54686.142198363
464305.226415026
7463.314079460
23146.150422626
900822.496221597
28430.209242013
17657.735368608
108288.639669288
46724.603217328
11784.613432447
29531.859335689
15985.759376755
14917.531452976
20660.242885280
25624.486011826
36701.299291876
22917.082057411
39194.418869664
2647.563623438
25624.486011826
9967.300595559
25930.733299094
682.392848747
9538.050174277
28858.718214228
95.372952176
27449.896102211
76517.847998657
12558.391005635
38876.046219335
27955.652887551
30794.378746816
32996.218975876
27201.588123076
6412.849731226
6878.028551814
4754.524801991
16075.979136765
25624.486011826
11244.157771550
14915.331567319
58052.417779844
23186.911581039
6684.385486486
5235.132910836
92255.916192720
40396.064555476
26450.201586509
3423.232289228
21895.444610416
2671.890230899
252.834917298
20272.616817722
3082.022180387
76760.284360054
28707.133773427
37970.495161306
39969.429585872
204392.761478864
725825.196351819
23920.993451133
39132.439862879
16827.242477460
33691.398109938
12804.948488240
6878.028551814
29803.145712674
6445.915460517
4840.289611003
37771.648760940
19315.436679133
69329.160954104
12385.809326122
21384.885264398
Case #36:
127922.617709794
4.000000000
141754.060719492
16579701.405296540
921.591015631
11540.599185882
261859.033027006
176018.864193674
670489.587183250
46780.544699529
7193.814005333
290391.703875291
114333.836019383
173374.391629062
306518.369425747
7846.876234131
178342.781584497
913333229.000000000
423934.586066405
161879.589539571
167582.013129035
2397269.580652029
43332.909281470
16687.102423814
681281.305480364
18514.450968413
16687.102423814
26912.262238166
10987.450228974
773861.050397386
505.936472169
31101.552485547
75880.000000000
599091.774909841
24161.226439656
12696.512855158
598412.614390683
4270.257568583
529640.968789960
148215.289144475
25101.651142786
1220164.427348748
598412.614390683
617.888439176
3609362.433463842
22493768.191444892
71741.796463878
26912.262238166
23702.258291893
416.834499565
3.000000000
167582.013129035
16588.182012362
155605.091576342
467224.700479270
349839728.000000000
1.000000000
124739.135536307
66502.301633193
1259993.106888097
345178.293831814
239550.841320169
138776.268608910
52175.035469083
Case #37:
73702.550866988
50158.559278901
49946.168148350
114031.500522281
14054.833191801
31176.984151559
147960.301088293
60664.461218630
53850673.729452780
97461.185729467
144931.126310037
79182.941981212
40879.763192643
187717.369442330
45775.951208685
115051.026393280
16553.250680173
324413.814556473
482111.351897212
4376.414922496
39287.187730761
60899.022451331
414352.883552263
123868.053124812
46743.715349469
134690.494754151
145935.725611689
115958.220419301
12729.298704076
78488.232253548
154672.145570797
41613.714178776
52102.879393435
103638.021433329
79016.440814104
157745.531000332
54944.362702078
33206.010938640
45851.596946273
14096.813062443
1345850.161563556
115211.062387774
1723119.399307157
47598.330052186
38151.316824429
15583.554903575
37062.557008152
119839.224817791
48637.120153689
46895.504395852
13381021.605208708
48861.068882554
54444.130863253
56082.658181547
230990.650224955
44422.025849164
18062.484717725
171349.874243902
34700.900179922
73224.316934561
287712.532582044
41285.570590662
41991.177729914
75446.988712631
70733.184073002
92882.347583531
45826.008880217
102700.048831676
29411.946594357
83541.260570252
Case #38:
131071.430328265
14219.991469174
65338.427704352
65267.439550600
80590.845687785
65377.176045721
104503.690109548
57593.262232612
38249.766027200
57750.183892171
62469.723305828
63582.373237835
44280.008590003
62322.760781891
38604.937280134
59867.036281045
65508.045874333
67465.977350750
41724.417059349
46336.772582445
41361.231668086
37743.910815299
57077.042535397
32678.730705529
59322.218351487
66122.232493534
61403.241996025
54803.370617949
110896.139054720
73053.694733562
68664.245898152
59152.278348764
63391.776020411
59969.773846708
77505.839040809
41087.165283576
65889.324130218
51944.439781455
61775.839388385
63005.591003678
54105.492139926
61150.584222210
40424.650317718
55541.525119672
72764.476573048
53073.946979108
63187.549696455
55418.497765163
52995.797807153
61170.427989971
47700.607654756
67099.460708975
82260.919110511
80814.787819062
73299.138889502
69183.885406206
68314.609448469
58759.942346573
63595.882069982
23621.087887199
35768.975338056
42746.967560648
65815.026032363
43373.137043561
74138.286964678
63610.717599703
64038.522781983
58307.613800648
64160.130578250
61439.478214787
34342.151638917
111233.380944777
57840.563510417
59524.731320585
80632.682952320
156219.676223512
76071.916248170
58471.911587429
125495.553785802
69529.460961341
63579.837838283
53120.404424668
57848.246479947
52265.038201125
53330.647951338
62043.985980909
30647.368981484
19211.619130419
62498.768030611
64933.741134283
65681.948147063
44177.683968907
59139.928404082
61999.569696435
53900.218741727
40187.814359204
70988.505294950
21656.863731699
50365.544621009
54419.331600590
Case #39:
79312.393496547
108664.582547032
6379.179524416
40322.080418532
44656.168024380
2360136.773157688
41682.469477796
139855.143530941
52180.453873998
85277.836280618
62667.508006078
120599.307930080
68176.127539634
61215.085116224
101952.771584575
43239.057668253
42731.247858233
41117.589187460
49488.291207945
154587.004720333
29973.619141842
46698.168000175
67894.392636054
54869.396965737
74508.963534979
43171.483158795
59766.169050851
57149.535549014
29878.668657058
47577.889223529
52457.170412259
18775.672068851
41338.294081545
46989.005639940
28827.635221547
51644.357832650
21621.889126381
145750.335890268
47932.072836234
45811.830313298
32888.525414512
51289.608888411
51535.448797406
59261.122468264
123937.442646891
17447.542772625
32891.933355557
54109.817749971
44854.620253541
154034.566514262
53485.830027132
54750.451191361
48607.264839126
48750.718090925
86849.673620355
60429.078099256
68761.332868812
29570.932928496
72734.455995255
58180.671506692
62727.949088582
87898.098218079
49411.807834764
40403.700392594
64511.396186115
108160.208702135
69528.166268953
52998.328171071
45629.983377891
53714.421108095
40833.374578035
45500.643240056
135328.776271218
56069.911346145
61879.325212475
87740.574525000
9565.145390338
54063.433967825
56755.321126199
165444.647548110
64702.295301456
120557.181282827
37555.391098255
67233.616402872
39416.347809301
96482.216635277
49133.181189648
26215.752886382
56485.108979387
48427.154726718
48805.014182330
39289.165076533
50687.442145454
31506.230341757
93860.414636248
59924.439057797
50254.545584191
45286.100798534
83205.016315031
60992.450619210
Case #40:
400883541.309837640
496504069.054642400
443704758.485926750
Case #41:
62383.741160913
198821.225533556
43189.161617702
56747.856538452
7263.538353886
37137.509246896
1181109.253588150
60222.811873588
83770.616901914
13073.533405407
9945.633663258
608.210489944
59556.368760291
52215.793689971
47207.996540449
72860.025221483
25977.190371778
103273.201982943
50602.582077391
296601.188719099
4175.110153884
18769.290031552
9005.403252918
237375.405734557
21384.141294916
57582.802335991
16879.388384063
35431.225164865
334724.453848714
25450.069712538
108275.331831229
53258.756720856
14492.378240995
6736.386262926
42697.799344990
20755.958972245
98728.546874327
15498.197852453
61322.945108693
60014.943723834
28709.286783270
185534239.000000000
3904.051244965
58660.242037638
16588.045977929
34116.962860130
47817.523600529
106072.236445616
89416.174624814
16545.021160266
31527.902900031
27812.677457475
56823.163338570
52417.836887644
2753.537228005
201422.548216962
22610.855820631
40246.580351372
40390.460443552
150314.344589253
40532.585272017
117141.424424464
53278.955780782
61276.023535631
160341.212392478
44232.038041584
21982.022718042
150941.817375986
45608.045123357
38473.616878495
1620643.006275030
73604.416913057
49909.182788949
48795.807535483
97202.938605956
53233.339425564
66799.681012483
54113.759448252
87182.641223150
40629.915970578
65052.165846307
38716.391348828
58568.401260820
57932.117643238
243070.453058600
142966.303892696
35865.174364729
184.382435518
278138.851338470
123080.181451806
Case #42:
158912.685404181
213847.907166371
79815.958324096
309156.642897707
124387.161634624
204105.427507084
68117.348720205
96190.663706878
387288.720101889
329698.055547506
129329.763817681
139004.325793740
413964.801907870
9010.492644264
35727.790667420
38069.536613405
111672.959551342
62695.959671796
132437.263147891
115716.254158817
18893.601978588
231546.936331195
85888.122629370
37558.057489916
448292.135781368
56973.609647185
160855.625133042
322482.904588568
902.952932501
8357.649794374
596535.375234520
37558.057489916
443530.081007029
109870.352368624
72887.515707013
440220.139967464
685854.616626514
63369.386246612
282828.784341391
85885.263404364
11286625.612223040
60063.888838290
452321.867918601
106509.697132815
988061.479365863
144344.084561459
78605.638797801
451240.291780600
414679.761971118
260930.775996106
206604.041510274
70665.078491899
67103.622650244
9.000000000
22995.644678902
226033.152378057
118870.628172827
213176.473095227
9253.730333827
758648.882320409
90428.728927122
28662.732860571
92127.763311870
231000.866294600
99171.362565228
507502.941268002
129271.224239655
7614.701512020
116636.202830073
187788.452863011
177599.679731788
82278.393041187
77847.359676436
192046.201970520
95257.728052325
178782.633595477
74884.429590263
62908.455475543
94044.011149270
86118.673275939
146671.774595059
124507.557526389
26816.915762630
96338.422086333
13885.705339952
149048.251961388
148737.291052741
53225.414587584
20454.577302873
100676.491956329
38359.969134524
22543.570926565
655405.891917716
46923.529104019
132437.263147891
30148.692967500
Case #43:
1.414213568
2.449489757
Case #44:
31258.542277212
21838.171277870
20033.080275439
37206.940165363
205400.441037750
7969.610763800
10677.101057328
11459.009654979
985060.870596294
12739.870612430
11063.006753025
21385.463715457
19059.075559788
6813.472274035
13933.648729071
11413.754933160
12993.146885650
3.000000000
17694.993637051
20776.617368988
109726.792525361
4223.633292674
23534.171822135
16863344.545341230
20996.738699067
55411.681425385
19644.438347397
21393.612847575
6.708203956
23697.319822610
3195.770575696
10135.843402016
14662.762289699
13848.179986366
6219.149556204
19525.699714461
9510.103055458
88068.946717706
66256.861951992
15957.266983436
17257.786431067
59988.980099688
39524.587624366
19852.829285352
13065.277661011
15165.740389658
17237.098287934
27796.737492796
2177.105106406
31662.090675904
29969066.792090837
50537.668747195
56216.876098337
17291.801955634
23542.019006493
16676.391109559
31946.751089509
19280.775736421
15146.913353451
3323.181497838
32150.270352948
30749.972869833
69410964.832097620
4184.482147108
2177.105106406
16030.094161526
630.457651488
10768.599404966
21461.705193656
5869.544763713
141700.993202121
44525.803700971
127134.337121274
27477.151730915
6345.614963906
14909.835609205
6293.454624541
763303.779280891
14167.639185672
25478.351266732
28116.960504460
15606.135393693
11254.114324160
51628.501352911
12935.916794090
14037.089228744
65975.523590568
9745.551485798
22049.525445790
16389.710029821
Case #45:
38265.418037053
430205.786596372
16498.819077364
22334.540220181
139131.743593909
93835.570168568
24983.656691807
11836.940058447
Case #46:
161205.959034235
56922.908824737
220079.414970881
127124.815707068
122989.787017293
124423.036037380
82436.455111289
239533.653473509
460411.337647283
88426.296707528
165893.338921877
200286.563709427
183968.295935200
109971.569493495
129641.222236919
137344.341236856
153005.048501438
190829.279037124
247491.262607089
Case #47:
91037.770399063
45376.912887144
60542.959160875
3.000000000
370408.116235006
33568.751200421
1248795.596852731
776001.049664515
2661348.725394146
14653.711119444
193260.135638144
74591.951662194
30762.226007116
42260.347074393
169578.452767036
96124.395694969
44692.570307430
60420.556951606
45678.120992070
66150.824020739
12606165.998060368
33110.373691509
164842.339744785
233572.207160889
82447.169871094
112031.646149396
68972.206380448
83644.459935347
Case #48:
20975.262966442
170147.100175233
31999.414934853
188922.413842638
5714.719007694
8658.678621391
4600.704226080
28635.003653602
15785.546898704
46885.224246118
14003.911061335
11130.502708303
273673.979402914
17746.003945987
7799.461211995
13000.308369775
38138.263849750
15099.632104512
281.552671610
26948.099480448
11169.767674968
27847.406556251
27068.441881701
19260.062209625
10511.867876285
12712.252510741
12367.294196089
104614.719744831
26272.149783176
16985.874230102
12402.216630711
18809.076884428
5281.146233294
77451.507247417
6582.548031580
17697.690826046
9491.465580523
6744.292721982
10.000000000
19692.199989893
6678.138039143
17153.981502587
6602.000000000
15481.274173965
188725.866602502
46583.264278652
480622.162285160
16833.986887716
38294.433606590
14297.572137403
37552.978135497
2579.101588131
12885.273769515
27238.037161467
2692.779989214
34627.425273006
11554.517581989
25539.089170177
39426.641864495
Case #49:
26505.778439735
77645.000000000
56734.498173527
3265.644175956
7306.799531687
47051.901187894
16091.537734436
88126.029427975
13805.630315767
23754.420135960
36411.350099645
14689.813564971
81562.665456550
38589.053950603
48607.414751110
10050.635989407
33405.547341324
63598.510013020
27.629137886
30197.643847601
50517.518028156
41348.976642139
268555.938932844
166159.897511096
26733.270313052
38934.806040286
28997.150287356
27838.026454500
64397.400713054
22111.734461336
18558.871705175
8826.354738089
297352.634876886
25769.650666204
18760.969036089
258221.465909803
31022.966790111
17113.245326455
13252.032041020
37942.848053845
127137.591517638
22251.940295005
97211.855611371
65368.304458920
7926.544282599
111609.548166161
77079.948213488
16468.235769158
4879.241308832
59723.123649723
20233.325566383
14505.945626463
30119.942810288
136432.181056240
1564.237364657
18133.273734514
27957.900263022
80072.037523199
40820.433953806
32569.569604399
41772.552831243
52708.143110259
26945.897348905
59762.829225275
65529.740628248
13556.776545978
33527.916130801
125488.317798263
24928.247681062
41137.591774494
3618.587826173
Case #50:
5542.489377300
160439.925148387
38079.507654907
4795.470196548
21029.902892840
29598.229971410
38530.161282024
23156802.823347144
21473.555222454
13566237.188479621
302560.580667050
62414.352438455
3848.870664942
26205.658940163
27060.624677554
31014.169262702
19588.741127338
45003.731336465
38583.950247095
10534.419909720
20822.561561984
53433.469439269
2353.155960908
101113.765052724
110172.749616417
33307.988067545
15461.203624980
19521.376685782
4974.606099461
52112.315003737
249255.255761406
32780.845770487
14767.577691630
11082.294897539
137613.120486527
24106.229209874
18018.534092579
25133.827822052
34015.178404889
6836.184879700
24952.591833985
35719.641406399
267758.749765904
83667.171112332
34753.000597233
70799.776801169
52112.315003737
21230.768445343
37592.095783135
294840.148515768
41141.965841056
33698.005681919
16028.070689059
14466.911317561
64848.315211633
18935.010643897
13857.059812151
13476991.818785578
44415.445364411
56228.433403691
874.218723590
28980.630728735
5462.372345148
159364.033984690
2996.459785633
93461.651434347
121930.142415665
28220.946718670
26818.707734358
26859.819020104
7129.340060116
92498.361443661
1732.984304137
284146.762793913
22976.844250050
38281.541126360
65541.956217357
26054.328254175
26364.479620752
280852.542590782
286187.221998968
35627.067477838
6386.860862098
122777.557448087
25859.173765936
32545.413681382
2603.958670016
Case #51:
50507.729068346
19086.846613818
3602836.928721890
183328.514560365
48027.876907497
150781.042611027
4348.755899744
212398.355069025
15973.786264723
15498.151642128
47343.890716103
147474.343511036
15955.795357941
784911457.140420600
347.439870222
Case #52:
4.000000060
364.383529092
2944.268423877
12602.416092431
4215.139427863
9957.769170904
11741.996758890
3545.932638234
38259.566751428
3002.029463775
1836.982838777
20105.633675595
7156.683621993
2319.458233758
3316.619427816
44113.209215841
1655.894772637
7279.009852416
13861.508900573
2060.753681138
11629.570400933
7774.210534923
4337.159992200
5262.915765557
10884.797687417
5648.689298204
37597.593194257
6006.137088768
Case #53:
9945.331628489
25250.373970386
19995.597411859
39753.775094671
11617.221927317
8377.565542192
11288.538282399
20063.548357129
20422.124022131
26471.505286154
19079.250316809
26704.961871758
33758.152615315
43509.914437696
8698.422376583
24821.359178802
23185.316306556
136714.350700906
35767.488600210
12592.907041130
21899.462909791
7371.648732600
12772.879039349
58486.687630464
7.000000000
26863.020044384
27000.826004624
11664.067292302
13564.315289121
7910.204522015
22500.996576259
9246.462261590
31626.369452988
9021.404506318
12990.496601459
11372.954672599
8437.696634213
1971.445291836
16082.457210013
8285.470016592
17377.786566455
15865.417844649
86018.618519640
61532.917861171
57677.445952768
30237.498474639
11696.629855913
8397.247336621
63271.624496100
38094.022075343
12487.884960858
13778.314865770
32979.823574976
14752.251695043
23831.820746892
14344.551246309
12790.393196795
200779.363523577
25304.861700357
18605.423787847
76748.000413663
13654.255285227
62869.336645706
13761.295218644
19023.433719172
16361.582683979
18205.191434982
15595.938075531
21674.208074683
32596.101924400
12113.156942973
11948.614513045
26173.202619417
36327.816452576
15734.517263152
39010.417365119
20298.311889798
17719.440192999
32519.129189166
26740.537575874
12688.985974645
19467.205136226
22718.547059606
16117.145144847
33646.128496789
18247.150427073
18197.830962973
6652.424774727
17470.501841043
114013.163428423
41743.310188579
44433.263786585
11609.467731114
20739.542232893
27603.873078328
20579.042069643
14041.416543145
11732.877229546
30425.129932683
14506.848260029
Case #54:
66533.836411629
56040.331590842
57917.292504254
295677.953190895
7937.757131732
45793.636276827
11022.815338288
98645.062831530
109227.693795479
1249126.471811580
59339.965044441
20686.843545929
17032.383559858
65786.652793551
188916.099679843
31773.357156296
62312.701381947
137281.370819386
Case #55:
553772.618667894
63804.630415548
63804.630415548
13888.033472389
7719886.724268703
63409.778476614
236677.631123948
657.987841889
101873.972480898
2504.397148243
252605.958710104
64960.226044326
98656.538333749
123967.040043942
49623.859663673
4905.485874218
140099.055442600
1527978.747237196
2504.397148243
777068.185189709
146697.133695623
132555.823931218
101053.449801609
7719886.724268703
30607.223256211
30607.223256211
45632.087361695
2504.397148243
24668.260157175
103884.305678205
13888.033472389
236677.631123948
24668.260157175
Case #56:
67523.081764772
751545.235292135
681.590052790
1519696.422201386
132077.188682176
338095.961356643
718466.286496894
206723.807030593
232114.045632475
109062.983834777
116.756451550
63874.679743380
248411.821952515
21341.352393886
239626.273561674
403734.841983193
403955.845966173
255210.050961452
484924.128907690
54203.375095613
572873.646959077
38810.370665165
206539.094323155
126949.925806973
233281.126641803
182144.209075031
15768.739659386
115296.267343498
279362.182874497
411781.368699085
286237340.000000000
1630798.270086028
177472.478065573
428939.585752514
1648026.405006998
65789.259564588
126739.703470641
965890.492938194
159097.462809629
557265.535962770
246156.554251071
293707.923097369
473079.521579825
37661.928712148
386244.539450149
216983.173314138
435755.643900074
552290.938245919
438.797001139
172035.137077879
662805.555602770
1314188.337046513
802856.491146881
1030918.498510534
197073.516773249
468015.296246311
2446680.477692565
129986.028706619
75908887.000000000
1011185.028979117
331319.738831832
11088492.781329604
159000.910712939
50439.893495686
122407.659125701
5655420.959808007
417894.090666646
525176.983515566
162686.132014873
554426.940533890
223308.704879058
136465.150683831
76344.441649427
348209.974397264
344217.372579647
404398.272400458
Case #57:
55652.250712011
18549.572935349
50154.543950445
62037.707615452
205.042070529
1142827.247190669
12297.026240213
64489.434985803
177935.581414438
18758.516685733
71149.358474229
17989.745920988
1472.533570661
526.289375154
16735.615286781
704385.089458199
14691.650301004
9775.540796853
44581.472348879
57849.730291075
83708.792708667
712945.357949049
72640.525120706
33130.092914077
15825.146134917
51522.008501223
85124.134663408
5883.116052168
27371.261836203
9516.193431577
4036540.858607678
19591.173573456
61875.062111114
3615.553573254
Case #58:
41592.561702753
46383.626419461
30694870.450308880
80213.913134507
45601.614304824
44385.944922297
46065.540850846
42442.181401187
45204.647215202
44593.458213841
96662.323177649
48725.246795936
57067.492218405
56812.474811880
50491.213349241
58172.417543039
51302.974875350
52233.414490202
37833.460481852
45113.486939996
34006.557833960
44963.436321810
57366.835350465
44937.060014443
76249.941922132
48066.365443904
54083.337193302
390863.888052654
45025.707594970
33893.929572976
79621.406786625
32890.018237736
24476.199756561
212.680535019
45804.959959121
105429.981022032
38529.886723724
1170.253786701
64981.330247547
63008.790873260
51951.507377447
55516.928879375
51918.279415748
45898.385398669
124546.311347393
49334.425703729
41818.372921361
57999.491477438
55730.988954429
52277.822898985
48914.080113875
39567.016239150
949364.940363573
36330.033828907
62488.037216034
41845.012135849
42135.167419994
44759.236420814
57875.630414116
43488.491425048
66676.231559801
52279.160490346
43198.430803683
60264.149982376
43780.930971419
38307.217175773
6995.467061145
36594.815715703
61034.606251719
36309.825375879
51382.723531327
18581.479630619
41342.985191755
48300.091600492
30899.167909738
31337.187915752
125328.412444897
58104.915522677
21261.481712136
62601.517283859
292653.301053546
64775.585743568
44790.101530626
43507.971401314
337674.227389752
61799.508062768
51327.898900285
50151.986461073
96404.284361775
49772.545769598
48505.845594407
30834.424489786
60626.250003366
50679.306529804
67757.416854451
31355.268368177
62607.593186854
54830.033318098
65413.881505289
42031.559709736
Case #59:
5666.559090223
13063.031739657
49298.723053477
1395985.934819811
897567470.050119400
8916.026923343
9515.046955305
342.271950225
1594366.712338075
10335.664458341
1741.125137032
7832.342958006
98343.217407628
7702.273669493
21030.512417843
15318.463780013
7261.882606213
2394.207273542
75711.331524172
8464.527222436
15460538.874842301
29223.418884658
39659.710738198
1094362.781369406
25273.846590426
37600.218849610
840.319686528
224775.648389055
266149.748569293
23830.913993379
8184.237481493
66903.447109519
84270.847622032
170126185.000000000
18438.900098521
56139.138054906
3945.762163617
4182.703019042
62533.935718758
8476.119865738
13697.168826672
19387.851858774
25140.679672453
9139.147974992
8184.237481493
21794.904526414
176091.115770828
51787.810461678
6546.432421365
6825.315793634
42029.929965069
347604.401246320
649637.803748476
2560.562906396
664.774358632
280371.321398834
52465077.125882976
42765.010859448
58306.249799284
50187.071256965
47472.070091466
11568.088302087
12445.241298970
60856.959717814
42029.929965069
9809.915276697
11075.614851721
409622.274194300
22827.578947492
9662.665525137
42078.487579845
33147.540552025
1031168.510733341
35048.072613658
21624.235089048
Case #60:
39527.876165517
67862.441214608
29459.876148677
35552.678340409
68102.990799444
75787.896221724
7038.981344140
58159.797206397
39020.746020685
41871.641380895
35050.100519037
43195.991128262
1107.440053016
59834.628407273
50718.031325162
46861.980095880
50621.083991895
46640.937241957
101331.443520965
58072.030812635
20092.014446406
24442.271455873
53244.882312949
109920.806366713
48982.148570278
41179.964093839
50352.474206120
47013.688604020
35376.337714150
59369.552609653
38702.710410252
28523.439723119
49812.940733183
38453.310328583
58559.527371649
66111.517618260
42218.498736501
33897.425086466
31925.836875757
70833.051382677
69859.099586050
828077.480297192
56657.241461109
40327.780115796
25506.979398324
38734.515240684
44517.930423341
43534.244834765
42149.591229044
66946.940023895
38439.937199760
41086.448437513
40959.777306494
25667.195635022
41521.994879546
38148.810858026
123339.141665533
41549.662196969
26687.724876053
39637.729170866
21578.863074287
27491.897565520
56894.118702299
35817.201593747
36037.601522984
61145.917355248
39094.544284302
1008.679324114
1206431.354078610
52168.086306748
37000.405865689
67910.877111870
42645.478988144
55140.617699130
38771.173379340
42865.833062169
12540.453819839
76402.630830228
49111.443192716
34804.735451588
47196.443148522
45964.727372459
45184.594297381
104113.678600709
35767.573127431
44178.504045692
46327.522270799
171229.733021265
42196.799140556
21999.999766194
41160.380577255
40888.821079931
66865.868106842
47896.352083034
47033.659964765
25055.619967222
437040.573897066
24390.433150888
130482.207875467
212211.532947969
Case #61:
1.000000000
2.000000030
Case #62:
48875.184485229
29221.813046339
35898.721165399
38106.451737262
43452.286949495
45227.480846354
49946.193735146
55948.141713190
13973.619358352
51016.835409817
35569.293934937
14650.717932906
34900.940375942
43112.640627591
41026.393359231
39830.270714042
77584.594223154
44362.790767353
28346.419747787
41230.219691712
33498.631544401
29691.613417558
35845.824477062
32776.318853745
39311.802354731
33779.405321476
48352.718387533
18288.439446798
47750.246984292
38349.733755058
30823.949688983
18954.000056642
428.936336003
40975.626428084
20777.391416569
34979.166815955
35336.989786860
46791.074708656
56863.545292110
37922.282785619
38535.533171593
39970.588019610
35317.916769645
34867.412694419
38421.825290602
29370.803196292
48412.072677202
32165.883437709
14516.213532851
39587.803016115
32310.368786266
6563.518018183
31633.582731356
35554.117238048
44464.923930322
31548.397034973
10740.666400270
10805.111536706
135131.448147481
39844.991004596
18915.331174906
60207.479473850
34626.749840708
35850.909647479
36004.377206225
37465.341770970
12487.947912526
34531.535300660
54345.739964251
34776.701284614
65701.209585070
31340.626666614
40247.764496240
38473.720054181
42612.362258756
32973.773202203
40639.412241106
44812.657129533
68067.912744092
9551.554832669
22832.565028890
41685.041184943
919367.436545856
48772.646224145
34218.093879183
34536.030524013
8173.747072142
43130.990396005
30493.584595114
27364.061832653
143372.552238366
41228.558107308
495768.921123738
188747.409329392
34529.759041660
33022.268000414
10261.384277084
32198.008333086
48540.946259076
36252.151082398
Case #63:
44467.829696610
10874.252821231
43003.183547779
3127227.907120302
44214.349130824
24747.203929036
6145.890164979
1608697.966941824
42591.105233401
1063498.052353598
16399.858642104
9104.623766950
10044.685786049
13760.468162446
14555.604749060
54271.378578169
47174.445719835
4952698.195515076
3927.767136086
4161.220680916
6652.821173772
11555.389613479
47918.011413248
26202.723196959
7305.983863182
47891.717511103
13594.225199837
74739.000000000
17232.039049006
27245.606336120
33841.301008432
39807.639614808
11254.556233786
143309.595171264
76832.000000000
22875.573532272
136.633649260
24153.098183439
46088.291867672
22280.853118424
10353.149080966
35467.197801640
Case #64:
16056.322386300
118967.644194644
2195.327245973
315895.106105188
160995.873334657
783.174362706
11018.787339895
1986162.977357166
1596.390480113
418.741481094
34689.824667289
553.604403332
1038.966632872
37751.876112345
82795.975497752
685.147533040
52583.805446248
56036.832498436
3669884.329773258
43863.404609932
5647100.121209693
148790.313170984
21607164.178106967
3967.682425280
3638.828639569
5410128.430035519
7816.061067856
4966.550201277
2531.771487828
88899.000000000
4502.753099391
48754.770618993
107640.992467341
427027.176235054
12272.937148050
99735.000000000
1800.291962535
1050298.105291809
30602.592456462
14783.277402422
30602.592456462
2044.060815017
5999.201534004
10525.327759656
Case #65:
653458.263576658
4067783.886263643
468107284.000000000
228089.928680394
379425.133268651
65874.931127622
100727.330199505
50281.966204308
60112.338207926
349164.078902862
64020.825452216
134767.123331668
51242.258625174
56039.291225571
189072.542466611
146260.244223276
7234506.783447648
4354816.918848832
24277.251581202
86213.590127006
210114.161199245
51682.258821944
82230.351794977
156429.318594421
19171.725599103
388522.712188099
8512.763498019
63527.765675194
61929.323353933
853311.649290958
52752557.949865990
104874.074039979
1984418.101603722
79486.978113107
529285.320449593
238644.259691966
585368.685891491
1077237.668245260
79583.596494759
79986.054509530
490164.874874886
912.660944739
106032.619951623
275789082.010600100
181173.284782481
893552.702758193
733059.044898200
342142.714816118
3683.524995129
211418.558613045
112721.666258208
69295.031832109
4354816.918848832
160152.923053865
75091.183238031
174363.018717443
10708.000000000
1254849.392159856
824304.449190973
186173.937564895
104874.074039979
5847739.923309558
Case #66:
1.000000000
110648.376771536
11315.428888667
22409.402288012
18004.513141957
33247.186947414
11674.889526387
11543.335094441
40862.200433666
78488.312466405
51723.467144598
52205.550532135
79504.379776692
14677.576613866
26192.480519911
17514.059413116
29966.061148310
30398.619436082
20847.232950972
27550.111151680
26340.341296100
18620.424320753
32739.814975864
41222.246506609
7687.927478474
33387.040637381
20799.792122738
17590.200107392
367760.292447060
32216.698749999
54233.117075619
34800.333016230
60478.227458632
27862.230250646
32827.191891709
32635.586581772
33314.714848019
31007.413807675
34251.623569639
16615.581279127
12557.892056693
10113.500238262
35095.840782943
114719.403943322
1174.966412446
29009.925520832
98935.007821298
31399.645605112
19699.195716084
29635.655264685
2573.605766783
140808.484742913
32489.813893964
32002.693737645
27815.454646554
30957.152166868
71937.205362863
18542.777433205
5755.977030156
61381.152776455
13371.330637260
571701.520911595
10057.740906590
14613.059942362
3814.822761595
32256.070130610
25004.928083154
97118.127738953
84185.043511740
71566.591033740
15651.400778573
13914.671036791
19304.859532388
16217.359354027
11401.500164975
39986.080043530
24351.827686152
Case #67:
1073.328201479
1053391.116104384
888.454347081
463.938189939
4259.154348596
60023.567738033
7.000000000
7755.254228110
3959.845201665
362.354672159
98846.000000000
3099.246241173
919.739211423
919.739211423
3959.845201665
1053391.116104384
34880.897902277
831.818489851
43603.000000000
3099.246241173
1958.104961450
43273.552755088
82628.000000000
40.787706280
346.478189061
3739.838618943
3054.992119480
343.569498066
73.396107901
4259.154348596
66980.369422722
297.539913310
60023.567738033
1842.305744435
904.465516138
43273.552755088
10880.119939506
70.748431945
3054.992119480
2089.127798221
40.787706280
297.539913310
208.813313757
4259.154348596
58050.212781403
27.194429379
3404.508890070
1426.966905688
916.078423172
800.371539393
11052.793582536
362.354672159
8.000000000
208.813313757
1533.020175918
85.256892986
800.371539393
1407.109286452
1053391.116104384
916.078423172
85.256892986
362.354672159
1682.926796915
1407.109286452
4402.256131015
208.813313757
66980.369422722
34790.211182523
904.465516138
3099.246241173
2428.541264318
3.000000000
2089.127798221
Case #68:
138529.255132772
228461.763770241
20430776.332551020
24189.279419112
94368.013012451
5249.268239644
27313.486464934
26915.977481429
35471.735208436
28092.263232735
1628.488006583
68157.977200593
77195.785488170
33932.526599259
26453.145712183
42335.148656561
33322.765877591
7813.899126117
9408.162490115
2490.632551053
15970.064984579
24730.653683037
30188.383253338
29921.916353877
9176.422166475
23598.013694626
97234.624529508
51187.992835282
65184.291111146
164427.798808206
338109.245422088
9899.748708122
7727.485750745
52947.929901005
17919.013153792
42670.385039021
17491.626632575
89497.445853363
29.991817782
30714.106390830
99174.830101984
12527.890764784
57357.516315326
9614.567122458
20770.586054560
126229.999050669
11923.579212388
106860.301156361
278580.551698317
13258.199786552
137277.118685302
30758.441007667
20692.405126403
76778.497225260
Case #69:
60626.598599351
63888.909332227
75744.537446796
4555.564305298
33474.494208524
903891.589408737
30652.158016578
31408.549118737
33549.455904569
2334.975873640
517.785418376
283908.184779939
322620.494044934
56320.922510651
18786.613562739
68356.635129067
15869.448574653
180266.803570762
78396.005725404
42842.533464471
205809.104087666
47597.930575471
112233.316360225
84742.432611203
38067.300552388
15137.450690496
13939.900740834
24241.800415516
3486081.423067915
22532.512406869
28613967.204226453
99422.871569052
195638.961760613
181554.084358855
55996.241671502
108552.837337784
35512.961890257
5130.389134332
127.353976142
11337.071354789
49127.521729251
24384.113459203
159000.614673511
8837.437831193
35641.069929706
11254.833781169
15564.585317782
40428.089613862
12357.915496447
21967.203059141
73312.617401544
2239.638011306
67156.723493371
7978.382793575
24090.860360450
38341.912968932
13045.759783583
105093.387803691
8562.055898210
35676.861428598
56613.593241034
1096247.469484685
30861.258226280
50411.217525773
175407.595423586
7962.054917325
68764.123929851
19242.733288903
96774.580356999
132601.115828705
2444067.654344973
22757.026464948
56299.692166442
18201.375674244
32571.690447172
20703.160838888
27103.367742944
22248.537725224
333514.985827086
43360.002543003
79804.830606928
Case #70:
999999500.499958400
999999500.812771200
999999500.887733800
999999500.471372600
999999500.825259600
999999501.184883000
999999500.820884000
999999500.942556600
999999501.156208400
999999501.486335900
999999501.208039200
999999501.540908900
999999501.975667000
999999501.922957400
999999501.531398700
999999501.838537100
999999501.509104800
999999501.128137500
999999501.596699800
999999501.573862700
999999501.873428000
999999501.563799100
999999501.132882800
999999501.385833700
999999501.469220900
999999501.899445800
999999501.415769700
999999501.301089200
999999501.500987400
999999501.953614700
999999501.979340100
999999501.653209400
999999502.091900800
999999502.346390800
999999502.048613000
999999502.053844600
999999501.833983500
999999501.916884800
999999501.503077000
999999501.426597500
999999501.656208500
999999501.201209900
999999500.713946100
999999500.551682700
999999500.413138500
999999500.709906200
999999500.281929300
999999500.018846400
999999500.008361900
999999499.567781900
999999499.815748100
999999500.095849000
999999500.268945900
999999499.770814000
999999499.583468100
999999499.863450600
999999499.436399300
999999499.333998900
999999499.007389700
999999498.927695000
999999498.434001200
999999498.608052400
999999498.362431900
999999498.880428300
999999498.663420200
999999498.691937200
999999498.540643800
999999498.678415200
999999498.958113100
999999498.805543900
999999498.728990700
999999498.222778800
999999497.845863700
999999497.974068600
999999497.694343000
999999497.370769400
999999497.304071100
999999497.757271600
999999497.984774100
999999498.504844500
999999498.686915000
999999499.091362200
999999498.893204700
999999499.189707800
999999498.743408400
999999498.794494000
999999498.998864400
999999499.002149100
999999499.027370700
999999498.900068200
999999499.212046300
999999498.977956200
999999498.753262300
999999499.207235100
999999498.817839300
999999499.345815000
999999499.515445200
999999499.366514300
999999499.324792100
999999499.006617700
Case #71:
10353.376405106
16213.294210554
69337214.468250240
22133.576877740
18562.311556456
17678.822964954
1821.119532841
34818.434998150
10325.897659821
48908.532503625
16852.254472665
10325.897659821
49646.179252068
29650.413824685
21240.716990401
21701.005695583
1767.628199172
4810.146258829
1069865.816442524
46418.380135313
24917.350430981
40668.140964394
22653.556432586
57745.063004826
12584.744989823
368156.217781521
46468.913419148
32243.303867191
7127.801357630
22433.082100225
51177.838766859
40964.593630955
49408.945338593
1463.921054750
3340.591758568
12584.744989823
32242.803566409
16995.787951189
89861.384614174
6410.988328965
46468.913419148
17694.085385625
893642257.000000000
8322.779536235
20642.001373744
16694.563640100
66119.310530177
14684.685955252
9124.185012255
20044.875514398
34398.268175569
15101.772017177
Case #72:
4299641.751067259
2565.939531337
2434.637506187
270491.525276458
865714.266950433
8596.435540405
5610.282342825
28956773.560918167
19048.745453251
28732.000000000
Case #73:
6800.575418108
20958.851989553
44109.440358165
8696.951944293
67317.052572935
60952.170478201
63148.666709360
34946.214189253
49005.603634168
37610.734608351
45097.807442460
54947.984403584
72837.752968501
60624.896922207
63582.677891526
54161.773031838
42265.922454291
59368.330279955
67261.530363734
64830.238463309
35898.056049861
55929.130797576
76954.671570938
193236.589342993
66593.317665928
45158.296685089
59904.752066128
16716.905779128
12884.920280366
52713.786600508
38939.146973174
16281.843507244
61754.436697248
46348.741511310
67605.580319711
66978.532038619
55817.358349758
120239.733928193
55142.645451475
102977.854284382
221926.036289348
139091.648461679
28579.193747998
65668.855229333
68726.670016120
20490.245883041
63600.474535043
69273.471802000
60306.610590894
39710.743117891
50922.354735888
47011.168384978
35998.102053699
61875.134795968
58415.230705155
59077.022270128
55445.507840394
70325.216583022
37740.334723878
51309.110451182
51598.656467475
109590.073285690
94198.029597425
79980.491018335
32267.892738888
36518.424450856
37747.646278233
27369.168379333
42273.527179263
79054.187542087
64171.394319582
78076.958161397
2643855.739963873
64152.673326948
70666.468361993
60083.600801274
67938.410276359
29344.760873818
56054.434868978
41419.692792560
68064.033586793
12423.836603706
78800.051542481
67241.820019129
61621.928163645
43027.416083698
38955.196216313
46244.259480571
63087.621851297
47710.545451177
46448.920728171
43937.003004794
28545.368702161
21513.043213194
77720.919924031
70340.072659550
97169.581310313
55558.727543021
70717.819068638
38240.505691660
Case #74:
28220.470520873
69403.959389580
20973.468249053
32601.443849261
32334.413231752
32221.050405345
41923.188452106
67102.230332318
12255.653795672
40708.668962577
41303.092524053
58190.085170624
39941.509740466
65629.461857937
36788.710787828
17407.878237534
45279.481215141
42458.138373697
40264.559954657
39364.492491800
34506.502650100
6839.801222489
41751.242684769
55048.928315721
26235.246670277
34351.157613762
90027.080870755
51250.047405513
67232.725604147
19717.991951744
327903.869445791
59687.634496743
2162.977956117
64154.039456110
34606.268690180
45589.051369030
39691.131025180
158381.672541864
48569.778464597
61948.173313930
27612.092168068
39208.303254793
35313.383269440
45699.887245410
37481.362343130
69639.914502420
70436.197911129
51159.025733805
27159.984293188
45473.359440299
37435.483481195
29148.922260216
38040.829444773
31569.684056078
27275.754453238
50037.650992917
61933.068460009
35603.841422679
13377.452823266
28418.573175836
29397.953222244
52689.314107385
564263.326309839
45846.099129793
44437.343088086
12027.735681987
15793.279606331
34075.701833547
44884.147210768
32031.901511354
76370.050075766
51469.176150102
20717.744628296
87285.800775015
36668.717667969
38696.966623695
107398.408333076
28174.581022253
21330.622967703
26457.074407430
35251.359052956
64135.696523937
855.401824754
37978.589712277
43134.759634980
39150.944292748
33743.728426841
29568.553910486
39066.774656115
28960.277894259
28374.853235955
31915.233568981
37694.336155872
49119.737894007
61761.799492591
29652.840829080
111505.457171906
32643.670680861
70642.209459994
49162.155138550
Case #75:
87186.542868933
63353.476306478
49538.775150011
38920.299786058
105195.562502575
9167.360346400
80012.690625752
68732.159666632
39205.604909971
480336.464944012
6112.875112296
71896.261959802
48234.382875309
78616.541300361
50341.484847925
197953.369922662
5881.630566385
48703.611335260
49383.333980411
12562.285653883
90040.083935554
273377.489240301
382.395316213
115992.421376742
341.145331543
107130.933446619
72873.907557804
105117.553205674
45527.327449828
147767.987917712
6873249.691563115
19372.432848213
83107.768588313
58713.383560197
21354.889568218
1810.269020746
479193.725090575
48273.300385256
44.212641550
30512.004667445
24717.908826104
62767.985936134
80012.690625752
131394.681814725
261227.378442297
116704.576115961
160302.163370955
22355.159487258
122888.865595641
20708.824354885
24763.345175751
176129.182822933
7073.821220905
110063.112888748
12934.630314151
16930.531380968
28549.614622107
21714.169617555
107675.929067027
77041.558325331
58489.934514879
41808.929728005
34378.513468493
18161.480325497
234253.961645936
63547.876420314
646.725598706
406655.368997560
33201.985639435
21171.666343341
46323.560406785
77242.959487819
58277.472258540
78235.859212053
38496.150473926
376075.371414806
22963.726973499
Case #76:
139232.018220097
400908.589743891
387420.546169056
170563.463582180
938162.955402791
1315335.106006780
64677.626983814
40473449.167663045
1750.894997906
159949.483248580
450640.113054107
923145.175709804
88924.867136360
257194.705652884
1547582.979808022
390527.814023027
1194868.954551128
537867.088949372
210534160.634698060
28808.531652652
206017.771777407
41741.555045040
Case #77:
56007.089393508
76757.294235540
47511.020824337
99691.423028651
29489.910627129
57883.755147627
46089.319362989
161892.046661402
31799.809983916
279197.869819104
51763.119545203
35366.019627891
52712.239722110
956412.980419100
51185.318800445
45169.845205394
44519.913234250
55342.566138200
40787.801677121
52768.226314284
53379.757833236
37829.326054354
47554.174623962
40295.914332962
49943.211733338
47490.232459808
59291.345142788
45796.460108116
83049.188185121
116638.480324412
46458.029465014
49263.086998862
46295.602148584
57961.967391793
50008.502477045
42472.734182333
59588.570781951
49538.039841019
43901.719506136
55344.147058015
48892.771399455
52127.103880791
43372.588723697
425617.176365105
55467.677314351
49100.023786708
50588.924421867
42431.265452236
52160.536151648
15919.882735526
41766.083224335
46501.427455997
45502.523481985
39369.974435871
54199.971735902
64454.172719711
48091.825840591
45054.653348201
44360.480734363
41192.486441677
47058.852968810
60458.921013883
52696.466327455
50809.927762184
47670.238262568
9460.720290151
43835.998667264
47162.083734253
47151.364028708
47768.990615804
34143.328204638
46456.881517177
60076.338627494
44504.056653614
51263.070236337
57630.218121436
51927.348912445
47431.015314337
55855.005576903
53260.076612042
40542.708402511
188080.480396558
41271.003709806
57548.401429238
53233.885053129
51114.890098678
47238.209574463
47563.523885449
40962.027427859
50608.620913154
27126.007957588
51953.314098757
54078.242407790
67238.189140595
38291.186199554
38461.354787198
82829.651430982
56940.927197255
192369.080525865
45794.383168946
Case #78:
37008.746975949
159138.963624462
63620.843832659
10712.562878570
102607.537928252
15555.246261760
7868.135083145
85418.313745325
236527.547156962
101245.338047056
251705.982116592
481356.983175431
76091.686558431
29546.337069599
25751.661936704
26288.605524490
Case #79:
341534163.165297750
146207510.595214930
97235.031752235
146207510.595214930
207353.116250816
647712.193978547
255.747668339
282002.549422079
598864694.000000000
33797.842214221
28163.449011440
5.000000000
242855.382961602
101292.713670766
42012.835603518
17633261.066934325
934184.037480867
302801.639531881
233931851.666029070
5239.000000000
111032.992938936
4176.522700902
19041064.439608872
313015.266670608
67518.586922833
377845.384949359
5.477225631
90165.400280369
23421.136955972
117129.162343550
1021315.062412471
218046.121073275
544173.261153037
280524.520104628
330435.480044181
250628.008041464
488403.604525323
250628.008041464
207353.116250816
124457.433861603
Case #80:
150848.316639810
109699.949804120
358.816512549
32563.033986510
185117.879277172
17610.570819611
248971.192393178
380.178905279
298860.183280527
42912.782015382
136342.933365606
32070.650706719
96323.253087022
113949.490814857
Case #81:
29496.224900361
47069.349075342
3864455.079203054
71567.220471800
68632.051003128
20000.251870906
40003.052342378
12350.134169366
52180.096309134
8703.081314678
52471.273517534
134.751623430
81262.509798703
95767.624461817
38398954.701843950
6510.915355767
22139.051624348
25447.278331820
8871.168972806
31351.671500857
112147.354434384
50331.901242859
3393.616702335
38434.090240954
58161.169763506
12965.839179516
16698.016394911
29057.772129188
27877.184884331
114445.419525412
93.808835172
68295.310797542
7470.823264872
31626.076614134
31094.156620194
767995.883376024
21514.250903491
39670.000000000
18430.267819848
5052676.960617720
28976.172901116
22416.581957811
381590.794274277
8757.453299416
32518.238322352
21942.488296467
59350.076135478
83634.502232213
38918.374257788
80973.390135497
50060.054525832
Case #82:
46128.238617010
36126.164343961
63446.621489871
38513.123371139
63698.996467388
27289.644328452
41961.634696884
81346.918755328
46711.980934718
41442.820078377
37334.317545141
29929.625077729
29840.131395497
25731.272678677
199060.407170137
37215.311488115
47151.560945245
56318.699127331
109345.319438681
43617.009373865
122268.037871157
53082.542934406
40548.061365658
42080.196320363
8582.681909202
189874.791176843
51012.200651681
77828.652754249
39941.691966123
71601.422979473
15381.616625320
41340.227916531
58522.705929328
31648.131009332
38894.035896956
48936.458684522
46155.503359132
45596.915258776
32792.004470691
35583.213814454
24299.385954612
38230.713687012
35141.162937626
84700.191866699
54660.183792788
42349.918540347
61894.301647061
39193.474692368
39646.197258738
38877.897391342
30628.857040748
35903.540234598
63125.947215752
80751.057604551
34282.750780187
23376.546509640
293790.492684169
51218.670762735
55489.836973482
75965.178587726
47639.725039294
44549.357500834
30579.908138998
44853.757970764
49835.896674886
43729.294402007
42164.681383732
42334.642144268
51743.120803266
45878.715384904
79253.528723905
46838.196363498
36495.335290132
11424.068612511
27690.393578528
61378.712216120
41726.156467701
2609.998846738
34763.055735821
44522.265668059
76588.309135866
35245.876112443
130713.044592187
47231.127420809
73713.692128085
42237.047583325
36349.451652914
63244.394790648
57135.442522417
38241.426362270
23863.394881084
33118.445189865
37787.302225218
40383.844209202
44542.484663661
46194.743759051
34592.814317926
166658.970907835
53233.099731478
43699.668951353
Case #83:
26087.675833029
26708.318777122
36060.863053097
7289.268875520
74085.590826713
35538.644707478
38291.992041396
22983.115014941
52240.302985312
28562.576223640
42424.974769319
76015.928537950
41786.296099434
40801.930777556
45420.178387184
46977.257263955
74621.430200311
6494.406795323
50303.248674162
27153.448568357
66400.370923549
51323.438410452
341216.920624701
69580.743892580
32926.607755935
44712.569066588
69824.858979872
25661.229052616
59122.756089097
27468.768584759
40125.485905868
38864.543936269
41943.899945134
26039.533333226
48316.967463284
38587.671532872
36628.937267764
62402.796726123
62684.294737741
40565.358527334
38782.762108967
39748.141555278
46749.135717025
14587.684980858
10569.169515644
20346.837241750
26192.466116102
42913.183007814
96423.934034877
25868.885761171
32416.000722730
37134.681168568
50597.978572925
39606.388192312
40217.208252883
43233.269102316
71114.312746383
50416.523334418
19585.916135365
74147.373650488
35718.426633472
24341.549784135
44148.463019592
20488.530492139
29125.776829510
22895.806663826
504159.619451746
75878.886746165
38715.004870146
35934.833566945
12811.800846574
62145.691227289
37559.848128245
40602.205003557
24890.150591305
13889.251261284
165738.593431226
73379.708289108
27295.461595701
47523.241171821
35693.605610005
28332.176964997
30046.253737946
62349.806354975
110700.779753781
47057.969004010
25980.406815428
38806.711571217
50880.528592003
38631.685710131
45043.053795932
52237.309685318
60355.241935903
48743.262037994
42388.545142325
99681.844117366
23976.062489427
8047.086035031
53297.975761502
23061.065101371
Case #84:
1000000000.000000000
Case #85:
10658.090242156
152382.892457283
47092.469260782
77966.926009034
232262.774515968
250194.035385303
26978.121497557
62045.871656908
29091.592021651
39355.906699645
11087.358850366
77572.408419919
97082.082768739
22198.885444139
26443.845752907
17849.795544912
115740.692944137
43454.124038280
50981.610234244
97845.319211429
13581.485397209
487.177328392
22669.514497016
65021.676843981
24535.316232923
93386.164077890
124027.881803705
97843.920518003
123715.179416623
34149.849317985
3440.795109242
4676.154141627
22565.818924409
8672.931493030
88324.006134697
8068.718065196
12924.317672999
44071.143807206
43101.752569088
14682.837240232
36285.734473304
116612.725858206
29287.712398967
222126.229577783
156090.925295502
97770.312551259
15045.558817243
132624.053488415
41919.239939751
185074.545837056
74699.580911743
40554.361017093
106208.732903030
82767.403398791
9951.705731852
20424.083418366
97441.725784582
76190.948136549
113431.644810278
75419.351740973
170358.294818946
23950.644139244
97776.150716977
5216.752016523
355256.453837041
21236.720359502
65720.891417768
Case #86:
1612283.417850914
123011.824717932
17814.043574512
270998.696427910
540063.736830535
43076.730241818
1084880.960389537
69492.809139652
11330.868539238
9396.894591485
123011.824717932
73806.780511491
95.886439827
2596.544084644
44616.030682561
20156.488810754
175271.074517652
75913.959051051
73806.780511491
99354.696969967
328.184213911
69400.459788735
328.184213911
35942.651361684
871.629728277
32356.792844426
Case #87:
17321.957508355
9681.141208474
32632.620038505
21823.203212280
64657.360571378
31739.646312424
9521.278396061
46028.127817725
22190.768071987
7373.327615205
49829.538754092
40824.761946193
24607.925827731
10307.053653618
46611.617833913
28837.855106116
25855.653096439
30306.899871803
24724.307433472
30600.807028453
72218.019664977
29919.082768284
132663.689206383
31397.012433523
32420.316921761
24863.983246862
65878.093444091
11145.750449512
26518.024381605
33323.692874276
69790.654159750
14015.562240909
21872.107704532
27540.464385195
39909.216395201
24023.706426590
22332.606292430
58800.308481745
34525.131526892
17938.970503581
27246.054886987
26214.205953662
92554.029989565
21095.312696663
19630.275783306
31929.571246938
84010.117579408
31506.996172529
44120.693600266
37100.031403777
67669.883006001
31900.571030341
16847.853572785
15609.907731489
25261.937485886
31900.134319552
23601.844639754
18999.842353920
592342.129090688
76065.637812338
31175.825294309
66962.951150886
36896.791302952
23031.101769763
31946.306931799
20062.872408958
37714.488776687
25133.033870425
26042.357532038
23776.431362459
34189.464663240
138740.014906259
33690.803981331
23607.355376919
22812.894444652
35595.686193416
26542.050257296
34973.480152578
26054.641810058
33916.422620545
10832.957265535
21802.173562786
20542.619292340
7911.568974674
28932.314582524
21732.777750460
28223.465523783
36017.800290332
14132.898061911
29651.274364127
30517.072302015
22716.962011369
28686.927466251
58785.956202860
24835.063818288
24262.144382692
11525.787976070
29419.570069265
15936.427983626
15221.470097422
Case #88:
1041.716057026
1082.235293197
2269.604572955
1959.926939470
15006.957291097
1300.603593601
3237.581502175
3473.970173911
668.778221415
Case #89:
2806.726861785
56873.169589495
114259.842046686
77779.351695516
24383.419264190
47043.936015457
54123.454976416
34977.098454997
1282976.477953238
25043.732070480
73071.856489784
899332.529324438
20257.437421657
54817.953223365
2620213.435837730
7853.133836142
8578.617775754
12629.345282018
469.263245105
39086.491193506
38871.361853738
146449.703348446
13474.068523460
67850.851711589
73678.306795162
55010.300350288
7392.463834255
82058.490082789
42625.569380379
126941.526928929
48558.636490690
7174.152079910
57684.525618249
1215785.041987291
43270.805355462
64825.902586194
60222.515008005
87506.256095113
45901.217563615
40236.692729985
122002.154967172
209620.544431144
63645.874662567
Case #90:
8290126.696326672
290325.358291418
151950.593934365
23795349.509758860
210082.658033161
714531.561828393
571.944053221
96417.000000000
146988.738816983
391792.465098904
79.030805732
6044661.429361626
1024002.083081314
214817.772186091
276760.622771813
83006.046556985
220051.345253473
5451956.576743868
52372.067870236
864997.979564183
146016.790293974
1241289.423512251
559325.957306359
294801.986329162
1650516.269515114
87112.662135277
338749.303426981
658034.813926522
50520.493426574
1510797.165833568
485626.999005335
338650.843057536
6044661.429361626
68858.468355830
198121.398576396
161504.635620524
214817.772186091
934532.125361168
487720.115414823
4134.837886448
3258545.376384584
Case #91:
33034.880123099
5250.592655279
13793.658813900
49782.543025931
7726.566220999
4912.618132097
12078.770684216
22067.330545212
14111.902761448
8426.361976218
14921.752004544
16231.406814177
8938.833592189
5921.631661776
7626.882154550
12863.074859531
15664.718080711
7991.612203030
11721.554262310
9341.289617365
10651.094870303
7454.336351677
12369.042986098
7453.754787795
21828.825186039
8372.837901107
Case #92:
309751.281169336
754806.225477089
3168674.615059772
70365.821676437
224994.059846309
43975.691376043
88479.469154245
83632.592396780
21512.921709598
515094.734709535
1783421.688916844
294981.693952987
3347345.581783599
66963.122070801
11868.000000000
201271.737097730
248878.185065965
32533.134782703
730354.553280199
304426.380298408
352330.772807293
342723.277541466
205049.826222482
160829.779070554
171362.793553385
878889.069983195
1154199.704736109
102508.954782744
434659.185830893
1715649.968834576
41818.000000000
348114.103368390
338201.826062830
1449513.652026299
105001.842976884
89034.192891557
120042.951150210
1156226.738970862
878889.069983195
201271.737097730
222210.762481688
3796508.065335484
89034.192891557
371837.596734207
32312.187650519
30294.733632919
176699.956296035
388365.436018403
660950.329308675
1449513.652026299
398253.885350930
289877.002141078
697245.199576650
Case #93:
28955.802025322
124241.396208108
1549.918315639
43815.593329549
27856.448203260
2389538.000000000
262.563859447
110392.234932389
410554.332893928
636.799026458
5088.306687763
45245.027623521
10425.628233557
102794.851043541
6434.530279471
16749.321169882
177341502.319591700
43348.777165454
957087307.000000000
36181.481933494
1437.806135138
3448.748323732
513.420908645
15451.218350174
84177.544076561
210509.508931991
581974496.000000000
23369.250902126
27068.437537634
40591.085837407
21651.020419049
5722.739522121
46571.551064267
44219.256622977
16705.857053077
14833.374593485
30447.195844798
10.000000000
5088.306687763
65739.219459989
398877.034437681
25233.317737379
99176.533570556
Case #94:
2470605.154093084
424758.729276233
199234.491389217
1803.961172762
469343.088610505
527910.125552098
810380.940374147
1053978.597275978
Case #95:
20860.130614449
141194.926914139
75526.929319002
91605.170954051
37246.016831048
12205.116115339
31922.383291509
Case #96:
25409.811938032
829055.987248469
Case #97:
165044.806875930
242988.006360958
11442472.725622075
285086.338378251
213.940114624
267629.304768100
142933.508937278
107384.829155589
693175.375665470
158511.330482772
373734.882775016
3038.763485732
1939288.538435877
84905.294725250
264187.996218153
1994140.926617039
1162001.529173799
126052.035242609
359921.974278298
111178.179370840
165459.699505940
141165.618708374
2079331.081578882
227029.742261627
48488.281398034
105937.257347150
2377058.964483964
3691.771979733
323323.188895804
354970.243578140
624131.495503252
6349688.084294070
267301.224228880
192808.776754952
365236.974572018
2207234.896579992
612750.394751931
202107.314369087
104475.047386444
186270.066608795
149514.432744747
809816.065834551
275891.964324252
382193.150210277
26448.477631344
881362.760193808
193656.046945160
120289.925001820
97614.688433525
112187.096429939
81002.825954482
42585.190915601
415761.611712974
280015.307019586
881362.760193808
91453.427906971
Case #98:
16703.063958977
20812.685015522
23714.272396760
388268.223282092
4896.165179167
17062.729018200
1423261.974863888
223434.435348794
24718.368819304
32379.642253430
42337192.682954900
63827.313419905
18052.313043109
769357.771435384
10577.990319705
40825.751073177
38899.671773295
460.898441587
22319.161076519
12050.674429182
3902.177546151
34428.109671888
8683.982025673
405538.473120023
73859.265275938
20220.199218889
18625.148559015
1087939.507066544
19185.505793536
593943.448802245
32298.489813646
42915.997227207
470227.655347860
35172.567543231
31723.998977453
10584.519375064
47185.388740678
10179.376774156
18507.118939020
13791.551426432
44359.169122361
11216.109099875
Case #99:
39602.561095420
32564.380861311
30882.377653168
63055.298145784
24999.814899763
24374.571487492
54413.911355130
2113481.790316169
46129.093989989
37666.669487838
861509035.000000000
160076.125384747
31370.991671952
45275.673702312
8976513.956580516
6660.224332598
262455.832913905
35567.998875301
129968.764782294
43349.204996493
14596.354066549
37313.070592617
31811.582608079
37920.604883508
20489.969947545
26225.117682830
33629.254225739
42283.897618503
18649.471900638
76208.871380781
5512.080912643
25369.160899260
43343.099325388
149237.025433183
93734.593792783
20508.447346450
36493.298726345
1435.422225035
10739.241958154
110431.784369056
36849.007196670
4847.065971804
28175.695627077
28260.281867906
62323.979722360
55706.740068633
43156.706117446
36266.834092219
18083.400988592
26559.762589500
51569.811742540
66576.661932313
Case #100:
57202.714561454
58403.718099323
1381954.308444311
1129.761183214
25985.577372776
79339.686816952
26578.319025939
35790.916829792
16746.231470265
25625.105257316
67701.764973997
312094.024006933
16333.175084497
52986.374094281
14330.335372713
81178.084177951
12483.278020233
28820.426745389
417035.772897927
93635.210010039
52083.784834462
15509.688206891
17327.579676808
42005.665036311
88011.202768058
1434.794388875
65395.676320606
52070.466389326
75961.312522628
26048.549917500
203038.767611907
42605.850641203
58063.711132707
19852.080260992
225186.370313965
13332.226700607
213314.679337211
25025.915847981
780163.464886287
55798.000000000
